   0.0000000e+00   4.5350968e-01   5.4649032e-01
   1.0000000e-01   4.9412922e-01   5.0587078e-01
   2.0000000e-01   5.2186568e-01   4.7813432e-01
   3.0000000e-01   5.3754447e-01   4.6245553e-01
   4.0000000e-01   5.4034246e-01   4.5965754e-01
   5.0000000e-01   5.2876181e-01   4.7123819e-01
   6.0000000e-01   5.2453283e-01   4.7546717e-01
   7.0000000e-01   5.1540572e-01   4.8459428e-01
   8.0000000e-01   4.9747955e-01   5.0252045e-01
   9.0000000e-01   4.8069752e-01   5.1930248e-01
   1.0000000e+00   4.6615208e-01   5.3384792e-01
   1.1000000e+00   4.6017996e-01   5.3982004e-01
   1.2000000e+00   4.7305428e-01   5.2694572e-01
   1.3000000e+00   4.9118998e-01   5.0881002e-01
   1.4000000e+00   5.0426569e-01   4.9573431e-01
   1.5000000e+00   5.1085256e-01   4.8914744e-01
   1.6000000e+00   5.0841471e-01   4.9158529e-01
   1.7000000e+00   4.9942141e-01   5.0057859e-01
   1.8000000e+00   4.9498125e-01   5.0501875e-01
   1.9000000e+00   4.9330749e-01   5.0669251e-01
   2.0000000e+00   4.9098501e-01   5.0901499e-01
   2.1000000e+00   4.8624832e-01   5.1375168e-01
   2.2000000e+00   4.7859873e-01   5.2140127e-01
   2.3000000e+00   4.7377801e-01   5.2622199e-01
   2.4000000e+00   4.7568396e-01   5.2431604e-01
   2.5000000e+00   4.8605860e-01   5.1394140e-01
   2.6000000e+00   4.9258132e-01   5.0741868e-01
   2.7000000e+00   4.9430696e-01   5.0569304e-01
   2.8000000e+00   4.9074928e-01   5.0925072e-01
   2.9000000e+00   4.9367229e-01   5.0632771e-01
   3.0000000e+00   5.0039605e-01   4.9960395e-01
   3.1000000e+00   5.0468140e-01   4.9531860e-01
   3.2000000e+00   5.0216363e-01   4.9783637e-01
   3.3000000e+00   4.9006611e-01   5.0993389e-01
   3.4000000e+00   4.8520354e-01   5.1479646e-01
   3.5000000e+00   4.8923741e-01   5.1076259e-01
   3.6000000e+00   4.9350958e-01   5.0649042e-01
   3.7000000e+00   4.9453589e-01   5.0546411e-01
   3.8000000e+00   4.9459213e-01   5.0540787e-01
   3.9000000e+00   4.9102398e-01   5.0897602e-01
   4.0000000e+00   4.8663393e-01   5.1336607e-01
   4.1000000e+00   4.8050761e-01   5.1949239e-01
   4.2000000e+00   4.5862599e-01   5.4137401e-01
   4.3000000e+00   4.3723584e-01   5.6276416e-01
   4.4000000e+00   4.3200056e-01   5.6799944e-01
   4.5000000e+00   4.3567497e-01   5.6432503e-01
   4.6000000e+00   4.5105889e-01   5.4894111e-01
   4.7000000e+00   4.8051818e-01   5.1948182e-01
   4.8000000e+00   5.0143227e-01   4.9856773e-01
   4.9000000e+00   5.0837957e-01   4.9162043e-01
   5.0000000e+00   5.1080175e-01   4.8919825e-01
   5.1000000e+00   4.9479290e-01   5.0520710e-01
   5.2000000e+00   4.6380548e-01   5.3619452e-01
   5.3000000e+00   4.5804819e-01   5.4195181e-01
   5.4000000e+00   4.7810074e-01   5.2189926e-01
   5.5000000e+00   4.9698898e-01   5.0301102e-01
   5.6000000e+00   5.1717091e-01   4.8282909e-01
   5.7000000e+00   5.2834450e-01   4.7165550e-01
   5.8000000e+00   5.2472850e-01   4.7527150e-01
   5.9000000e+00   5.1330400e-01   4.8669600e-01
   6.0000000e+00   5.0431633e-01   4.9568367e-01
   6.1000000e+00   4.9158640e-01   5.0841360e-01
   6.2000000e+00   4.7737380e-01   5.2262620e-01
   6.3000000e+00   4.6821768e-01   5.3178232e-01
   6.4000000e+00   4.6996199e-01   5.3003801e-01
   6.5000000e+00   4.8082167e-01   5.1917833e-01
   6.6000000e+00   4.9062594e-01   5.0937406e-01
   6.7000000e+00   4.9513084e-01   5.0486916e-01
   6.8000000e+00   4.9375647e-01   5.0624353e-01
   6.9000000e+00   4.7686011e-01   5.2313989e-01
   7.0000000e+00   4.5494537e-01   5.4505463e-01
   7.1000000e+00   4.4736330e-01   5.5263670e-01
   7.2000000e+00   4.4836271e-01   5.5163729e-01
   7.3000000e+00   4.5634316e-01   5.4365684e-01
   7.4000000e+00   4.7784543e-01   5.2215457e-01
   7.5000000e+00   5.0173399e-01   4.9826601e-01
   7.6000000e+00   5.1800662e-01   4.8199338e-01
   7.7000000e+00   5.2168449e-01   4.7831551e-01
   7.8000000e+00   5.0880195e-01   4.9119805e-01
   7.9000000e+00   4.9185193e-01   5.0814807e-01
   8.0000000e+00   4.7553011e-01   5.2446989e-01
   8.1000000e+00   4.6732976e-01   5.3267024e-01
   8.2000000e+00   4.7070948e-01   5.2929052e-01
   8.3000000e+00   4.7158871e-01   5.2841129e-01
   8.4000000e+00   4.6673543e-01   5.3326457e-01
   8.5000000e+00   4.6667999e-01   5.3332001e-01
   8.6000000e+00   4.6371153e-01   5.3628847e-01
   8.7000000e+00   4.5270166e-01   5.4729834e-01
   8.8000000e+00   4.4852631e-01   5.5147369e-01
   8.9000000e+00   4.5558526e-01   5.4441474e-01
   9.0000000e+00   4.6937742e-01   5.3062258e-01
   9.1000000e+00   4.9228679e-01   5.0771321e-01
   9.2000000e+00   5.0791166e-01   4.9208834e-01
   9.3000000e+00   5.0348126e-01   4.9651874e-01
   9.4000000e+00   4.9317080e-01   5.0682920e-01
   9.5000000e+00   4.9558358e-01   5.0441642e-01
   9.6000000e+00   5.0588922e-01   4.9411078e-01
   9.7000000e+00   5.1421314e-01   4.8578686e-01
   9.8000000e+00   5.2297768e-01   4.7702232e-01
   9.9000000e+00   5.1922710e-01   4.8077290e-01
   1.0000000e+01   5.0314183e-01   4.9685817e-01
   1.0100000e+01   4.9083352e-01   5.0916648e-01
   1.0200000e+01   4.8697468e-01   5.1302532e-01
   1.0300000e+01   4.8275200e-01   5.1724800e-01
   1.0400000e+01   4.7454652e-01   5.2545348e-01
   1.0500000e+01   4.6760527e-01   5.3239473e-01
   1.0600000e+01   4.5598603e-01   5.4401397e-01
   1.0700000e+01   4.5241780e-01   5.4758220e-01
   1.0800000e+01   4.6830587e-01   5.3169413e-01
   1.0900000e+01   4.9398848e-01   5.0601152e-01
   1.1000000e+01   5.0845510e-01   4.9154490e-01
   1.1100000e+01   5.1541238e-01   4.8458762e-01
   1.1200000e+01   5.1870162e-01   4.8129838e-01
   1.1300000e+01   5.1106002e-01   4.8893998e-01
   1.1400000e+01   4.9904814e-01   5.0095186e-01
   1.1500000e+01   4.9063466e-01   5.0936534e-01
   1.1600000e+01   4.8459240e-01   5.1540760e-01
   1.1700000e+01   4.8969591e-01   5.1030409e-01
   1.1800000e+01   5.0629564e-01   4.9370436e-01
   1.1900000e+01   5.1766581e-01   4.8233419e-01
   1.2000000e+01   5.1218648e-01   4.8781352e-01
   1.2100000e+01   5.0578073e-01   4.9421927e-01
   1.2200000e+01   5.1145187e-01   4.8854813e-01
   1.2300000e+01   5.2247196e-01   4.7752804e-01
   1.2400000e+01   5.2583690e-01   4.7416310e-01
   1.2500000e+01   5.1918916e-01   4.8081084e-01
   1.2600000e+01   4.8728283e-01   5.1271717e-01
   1.2700000e+01   4.5593488e-01   5.4406512e-01
   1.2800000e+01   4.5641296e-01   5.4358704e-01
   1.2900000e+01   4.7657048e-01   5.2342952e-01
   1.3000000e+01   4.9666345e-01   5.0333655e-01
   1.3100000e+01   5.0351773e-01   4.9648227e-01
   1.3200000e+01   5.0320166e-01   4.9679834e-01
   1.3300000e+01   4.9431002e-01   5.0568998e-01
   1.3400000e+01   4.9157952e-01   5.0842048e-01
   1.3500000e+01   4.9853248e-01   5.0146752e-01
   1.3600000e+01   5.1034696e-01   4.8965304e-01
   1.3700000e+01   5.1845734e-01   4.8154266e-01
   1.3800000e+01   5.1303371e-01   4.8696629e-01
   1.3900000e+01   4.9239228e-01   5.0760772e-01
   1.4000000e+01   4.6278076e-01   5.3721924e-01
   1.4100000e+01   4.3709383e-01   5.6290617e-01
   1.4200000e+01   4.3811547e-01   5.6188453e-01
   1.4300000e+01   4.6202713e-01   5.3797287e-01
   1.4400000e+01   4.8731581e-01   5.1268419e-01
   1.4500000e+01   5.0054456e-01   4.9945544e-01
   1.4600000e+01   4.9792559e-01   5.0207441e-01
   1.4700000e+01   4.8244285e-01   5.1755715e-01
   1.4800000e+01   4.6534003e-01   5.3465997e-01
   1.4900000e+01   4.5984340e-01   5.4015660e-01
   1.5000000e+01   4.6370934e-01   5.3629066e-01
   1.5100000e+01   4.7999340e-01   5.2000660e-01
   1.5200000e+01   4.9695690e-01   5.0304310e-01
   1.5300000e+01   5.0381940e-01   4.9618060e-01
   1.5400000e+01   4.9103230e-01   5.0896770e-01
   1.5500000e+01   4.6339417e-01   5.3660583e-01
   1.5600000e+01   4.4657903e-01   5.5342097e-01
   1.5700000e+01   4.4455213e-01   5.5544787e-01
   1.5800000e+01   4.5679825e-01   5.4320175e-01
   1.5900000e+01   4.7415618e-01   5.2584382e-01
   1.6000000e+01   4.8309696e-01   5.1690304e-01
   1.6100000e+01   4.6811511e-01   5.3188489e-01
   1.6200000e+01   4.4629159e-01   5.5370841e-01
   1.6300000e+01   4.3657865e-01   5.6342135e-01
   1.6400000e+01   4.3558181e-01   5.6441819e-01
   1.6500000e+01   4.5805544e-01   5.4194456e-01
   1.6600000e+01   4.9227097e-01   5.0772903e-01
   1.6700000e+01   5.1717052e-01   4.8282948e-01
   1.6800000e+01   5.2015392e-01   4.7984608e-01
   1.6900000e+01   5.0614860e-01   4.9385140e-01
   1.7000000e+01   4.7581831e-01   5.2418169e-01
   1.7100000e+01   4.5673267e-01   5.4326733e-01
   1.7200000e+01   4.6297556e-01   5.3702444e-01
   1.7300000e+01   4.7833637e-01   5.2166363e-01
   1.7400000e+01   4.9227599e-01   5.0772401e-01
   1.7500000e+01   4.9021233e-01   5.0978767e-01
   1.7600000e+01   4.8394501e-01   5.1605499e-01
   1.7700000e+01   4.7474059e-01   5.2525941e-01
   1.7800000e+01   4.6501794e-01   5.3498206e-01
   1.7900000e+01   4.5552576e-01   5.4447424e-01
   1.8000000e+01   4.4587240e-01   5.5412760e-01
   1.8100000e+01   4.4394802e-01   5.5605198e-01
   1.8200000e+01   4.5496217e-01   5.4503783e-01
   1.8300000e+01   4.7804579e-01   5.2195421e-01
   1.8400000e+01   5.1105655e-01   4.8894345e-01
   1.8500000e+01   5.3956206e-01   4.6043794e-01
   1.8600000e+01   5.4476532e-01   4.5523468e-01
   1.8700000e+01   5.3066491e-01   4.6933509e-01
   1.8800000e+01   5.0649188e-01   4.9350812e-01
   1.8900000e+01   4.8214381e-01   5.1785619e-01
   1.9000000e+01   4.7523940e-01   5.2476060e-01
   1.9100000e+01   4.8256561e-01   5.1743439e-01
   1.9200000e+01   4.8468399e-01   5.1531601e-01
   1.9300000e+01   4.8358668e-01   5.1641332e-01
   1.9400000e+01   4.7975555e-01   5.2024445e-01
   1.9500000e+01   4.7013893e-01   5.2986107e-01
   1.9600000e+01   4.7102123e-01   5.2897877e-01
   1.9700000e+01   4.8376351e-01   5.1623649e-01
   1.9800000e+01   5.0002162e-01   4.9997838e-01
   1.9900000e+01   5.0912102e-01   4.9087898e-01
   2.0000000e+01   5.0874399e-01   4.9125601e-01
   2.0100000e+01   4.9776073e-01   5.0223927e-01
   2.0200000e+01   4.9135478e-01   5.0864522e-01
   2.0300000e+01   4.9780270e-01   5.0219730e-01
   2.0400000e+01   5.0836678e-01   4.9163322e-01
   2.0500000e+01   5.2188606e-01   4.7811394e-01
   2.0600000e+01   5.2665937e-01   4.7334063e-01
   2.0700000e+01   5.2048858e-01   4.7951142e-01
   2.0800000e+01   5.1434525e-01   4.8565475e-01
   2.0900000e+01   5.1161643e-01   4.8838357e-01
   2.1000000e+01   5.1346824e-01   4.8653176e-01
   2.1100000e+01   5.1720685e-01   4.8279315e-01
   2.1200000e+01   5.2158704e-01   4.7841296e-01
   2.1300000e+01   5.1754670e-01   4.8245330e-01
   2.1400000e+01   5.0551585e-01   4.9448415e-01
   2.1500000e+01   4.9386482e-01   5.0613518e-01
   2.1600000e+01   4.8945137e-01   5.1054863e-01
   2.1700000e+01   4.9377562e-01   5.0622438e-01
   2.1800000e+01   4.9879959e-01   5.0120041e-01
   2.1900000e+01   4.9881918e-01   5.0118082e-01
   2.2000000e+01   4.8477931e-01   5.1522069e-01
   2.2100000e+01   4.6601539e-01   5.3398461e-01
   2.2200000e+01   4.5501311e-01   5.4498689e-01
   2.2300000e+01   4.5363606e-01   5.4636394e-01
   2.2400000e+01   4.6410431e-01   5.3589569e-01
   2.2500000e+01   4.8120246e-01   5.1879754e-01
   2.2600000e+01   4.9142086e-01   5.0857914e-01
   2.2700000e+01   4.9351761e-01   5.0648239e-01
   2.2800000e+01   5.0084078e-01   4.9915922e-01
   2.2900000e+01   5.1243911e-01   4.8756089e-01
   2.3000000e+01   5.2118333e-01   4.7881667e-01
   2.3100000e+01   5.2138715e-01   4.7861285e-01
   2.3200000e+01   5.1387177e-01   4.8612823e-01
   2.3300000e+01   5.0654499e-01   4.9345501e-01
   2.3400000e+01   5.2053156e-01   4.7946844e-01
   2.3500000e+01   5.3868844e-01   4.6131156e-01
   2.3600000e+01   5.4649313e-01   4.5350687e-01
   2.3700000e+01   5.3446049e-01   4.6553951e-01
   2.3800000e+01   5.1702195e-01   4.8297805e-01
   2.3900000e+01   5.0438753e-01   4.9561247e-01
   2.4000000e+01   4.9631730e-01   5.0368270e-01
   2.4100000e+01   4.8673540e-01   5.1326460e-01
   2.4200000e+01   4.7214113e-01   5.2785887e-01
   2.4300000e+01   4.6352572e-01   5.3647428e-01
   2.4400000e+01   4.6277535e-01   5.3722465e-01
   2.4500000e+01   4.6891644e-01   5.3108356e-01
   2.4600000e+01   4.7978888e-01   5.2021112e-01
   2.4700000e+01   4.9322678e-01   5.0677322e-01
   2.4800000e+01   5.0087221e-01   4.9912779e-01
   2.4900000e+01   4.9824969e-01   5.0175031e-01
   2.5000000e+01   4.9501675e-01   5.0498325e-01
   2.5100000e+01   4.8771921e-01   5.1228079e-01
   2.5200000e+01   4.9132774e-01   5.0867226e-01
   2.5300000e+01   5.0545035e-01   4.9454965e-01
   2.5400000e+01   5.0766056e-01   4.9233944e-01
   2.5500000e+01   4.9345602e-01   5.0654398e-01
   2.5600000e+01   4.8808673e-01   5.1191327e-01
   2.5700000e+01   4.8947349e-01   5.1052651e-01
   2.5800000e+01   4.8516801e-01   5.1483199e-01
   2.5900000e+01   4.8003941e-01   5.1996059e-01
   2.6000000e+01   4.6403782e-01   5.3596218e-01
   2.6100000e+01   4.5461988e-01   5.4538012e-01
   2.6200000e+01   4.6263017e-01   5.3736983e-01
   2.6300000e+01   4.8412402e-01   5.1587598e-01
   2.6400000e+01   5.0102355e-01   4.9897645e-01
   2.6500000e+01   4.9822630e-01   5.0177370e-01
   2.6600000e+01   4.8018427e-01   5.1981573e-01
   2.6700000e+01   4.6822485e-01   5.3177515e-01
   2.6800000e+01   4.6744272e-01   5.3255728e-01
   2.6900000e+01   4.7287477e-01   5.2712523e-01
   2.7000000e+01   4.8960036e-01   5.1039964e-01
   2.7100000e+01   5.0557945e-01   4.9442055e-01
   2.7200000e+01   5.1613574e-01   4.8386426e-01
   2.7300000e+01   5.2857800e-01   4.7142200e-01
   2.7400000e+01   5.3980635e-01   4.6019365e-01
   2.7500000e+01   5.3135113e-01   4.6864887e-01
   2.7600000e+01   5.0792817e-01   4.9207183e-01
   2.7700000e+01   4.8471220e-01   5.1528780e-01
   2.7800000e+01   4.8359895e-01   5.1640105e-01
   2.7900000e+01   4.9532193e-01   5.0467807e-01
   2.8000000e+01   5.1112897e-01   4.8887103e-01
   2.8100000e+01   5.1364177e-01   4.8635823e-01
   2.8200000e+01   5.0031178e-01   4.9968822e-01
   2.8300000e+01   4.8662376e-01   5.1337624e-01
   2.8400000e+01   4.8479275e-01   5.1520725e-01
   2.8500000e+01   4.9249578e-01   5.0750422e-01
   2.8600000e+01   5.0171268e-01   4.9828732e-01
   2.8700000e+01   5.0511686e-01   4.9488314e-01
   2.8800000e+01   4.9026873e-01   5.0973127e-01
   2.8900000e+01   4.6505136e-01   5.3494864e-01
   2.9000000e+01   4.4446519e-01   5.5553481e-01
   2.9100000e+01   4.4646907e-01   5.5353093e-01
   2.9200000e+01   4.6126706e-01   5.3873294e-01
   2.9300000e+01   4.8653284e-01   5.1346716e-01
   2.9400000e+01   5.1156539e-01   4.8843461e-01
   2.9500000e+01   5.2904544e-01   4.7095456e-01
   2.9600000e+01   5.4011275e-01   4.5988725e-01
   2.9700000e+01   5.4646804e-01   4.5353196e-01
   2.9800000e+01   5.4487635e-01   4.5512365e-01
   2.9900000e+01   5.3544925e-01   4.6455075e-01
   3.0000000e+01   5.2009553e-01   4.7990447e-01
   3.0100000e+01   5.0757118e-01   4.9242882e-01
   3.0200000e+01   5.0830076e-01   4.9169924e-01
   3.0300000e+01   5.1873622e-01   4.8126378e-01
   3.0400000e+01   5.3035923e-01   4.6964077e-01
   3.0500000e+01   5.3575448e-01   4.6424552e-01
   3.0600000e+01   5.3833211e-01   4.6166789e-01
   3.0700000e+01   5.3618662e-01   4.6381338e-01
   3.0800000e+01   5.3675627e-01   4.6324373e-01
   3.0900000e+01   5.4685412e-01   4.5314588e-01
   3.1000000e+01   5.4770630e-01   4.5229370e-01
   3.1100000e+01   5.2924895e-01   4.7075105e-01
   3.1200000e+01   5.0178018e-01   4.9821982e-01
   3.1300000e+01   4.8949896e-01   5.1050104e-01
   3.1400000e+01   4.8732804e-01   5.1267196e-01
   3.1500000e+01   5.0621571e-01   4.9378429e-01
   3.1600000e+01   5.3870244e-01   4.6129756e-01
   3.1700000e+01   5.5423714e-01   4.4576286e-01
   3.1800000e+01   5.3803512e-01   4.6196488e-01
   3.1900000e+01   5.0356938e-01   4.9643062e-01
   3.2000000e+01   4.8526638e-01   5.1473362e-01
   3.2100000e+01   4.8795890e-01   5.1204110e-01
   3.2200000e+01   5.0872968e-01   4.9127032e-01
   3.2300000e+01   5.3543142e-01   4.6456858e-01
   3.2400000e+01   5.4476299e-01   4.5523701e-01
   3.2500000e+01   5.3251614e-01   4.6748386e-01
   3.2600000e+01   5.1839082e-01   4.8160918e-01
   3.2700000e+01   5.1625821e-01   4.8374179e-01
   3.2800000e+01   5.1921388e-01   4.8078612e-01
   3.2900000e+01   5.1442638e-01   4.8557362e-01
   3.3000000e+01   5.0746317e-01   4.9253683e-01
   3.3100000e+01   5.1036793e-01   4.8963207e-01
   3.3200000e+01   5.2062622e-01   4.7937378e-01
   3.3300000e+01   5.2472828e-01   4.7527172e-01
   3.3400000e+01   5.1601335e-01   4.8398665e-01
   3.3500000e+01   5.0035155e-01   4.9964845e-01
   3.3600000e+01   4.9030438e-01   5.0969562e-01
   3.3700000e+01   4.9834193e-01   5.0165807e-01
   3.3800000e+01   5.2410969e-01   4.7589031e-01
   3.3900000e+01   5.4608193e-01   4.5391807e-01
   3.4000000e+01   5.3224207e-01   4.6775793e-01
   3.4100000e+01   5.1017774e-01   4.8982226e-01
   3.4200000e+01   5.0512900e-01   4.9487100e-01
   3.4300000e+01   5.1642821e-01   4.8357179e-01
   3.4400000e+01   5.3036483e-01   4.6963517e-01
   3.4500000e+01   5.3896379e-01   4.6103621e-01
   3.4600000e+01   5.3059004e-01   4.6940996e-01
   3.4700000e+01   5.1865884e-01   4.8134116e-01
   3.4800000e+01   5.2372179e-01   4.7627821e-01
   3.4900000e+01   5.3506370e-01   4.6493630e-01
   3.5000000e+01   5.4048200e-01   4.5951800e-01
   3.5100000e+01   5.3435141e-01   4.6564859e-01
   3.5200000e+01   5.1274991e-01   4.8725009e-01
   3.5300000e+01   4.9034282e-01   5.0965718e-01
   3.5400000e+01   4.8634386e-01   5.1365614e-01
   3.5500000e+01   4.9013716e-01   5.0986284e-01
   3.5600000e+01   4.9634229e-01   5.0365771e-01
   3.5700000e+01   5.0790690e-01   4.9209310e-01
   3.5800000e+01   5.1193730e-01   4.8806270e-01
   3.5900000e+01   5.1159141e-01   4.8840859e-01
   3.6000000e+01   5.2441989e-01   4.7558011e-01
   3.6100000e+01   5.4083556e-01   4.5916444e-01
   3.6200000e+01   5.4150006e-01   4.5849994e-01
   3.6300000e+01   5.3081213e-01   4.6918787e-01
   3.6400000e+01   5.1410866e-01   4.8589134e-01
   3.6500000e+01   4.9184186e-01   5.0815814e-01
   3.6600000e+01   4.8663482e-01   5.1336518e-01
   3.6700000e+01   5.0125658e-01   4.9874342e-01
   3.6800000e+01   5.1386131e-01   4.8613869e-01
   3.6900000e+01   5.1882879e-01   4.8117121e-01
   3.7000000e+01   5.1336915e-01   4.8663085e-01
   3.7100000e+01   4.9283027e-01   5.0716973e-01
   3.7200000e+01   4.8064072e-01   5.1935928e-01
   3.7300000e+01   4.8976971e-01   5.1023029e-01
   3.7400000e+01   5.1213746e-01   4.8786254e-01
   3.7500000e+01   5.4135299e-01   4.5864701e-01
   3.7600000e+01   5.5505643e-01   4.4494357e-01
   3.7700000e+01   5.4608195e-01   4.5391805e-01
   3.7800000e+01   5.3307240e-01   4.6692760e-01
   3.7900000e+01   5.3486950e-01   4.6513050e-01
   3.8000000e+01   5.5005240e-01   4.4994760e-01
   3.8100000e+01   5.5651831e-01   4.4348169e-01
   3.8200000e+01   5.4588541e-01   4.5411459e-01
   3.8300000e+01   5.2324723e-01   4.7675277e-01
   3.8400000e+01   5.0577261e-01   4.9422739e-01
   3.8500000e+01   5.0667054e-01   4.9332946e-01
   3.8600000e+01   5.2754622e-01   4.7245378e-01
   3.8700000e+01   5.4246611e-01   4.5753389e-01
   3.8800000e+01   5.3359443e-01   4.6640557e-01
   3.8900000e+01   5.1469063e-01   4.8530937e-01
   3.9000000e+01   4.9697567e-01   5.0302433e-01
   3.9100000e+01   4.8038301e-01   5.1961699e-01
   3.9200000e+01   4.7020723e-01   5.2979277e-01
   3.9300000e+01   4.8075582e-01   5.1924418e-01
   3.9400000e+01   4.9646265e-01   5.0353735e-01
   3.9500000e+01   5.1219761e-01   4.8780239e-01
   3.9600000e+01   5.2841664e-01   4.7158336e-01
   3.9700000e+01   5.3047927e-01   4.6952073e-01
   3.9800000e+01   5.2469688e-01   4.7530312e-01
   3.9900000e+01   5.1787174e-01   4.8212826e-01
   4.0000000e+01   5.0839447e-01   4.9160553e-01
   4.0100000e+01   4.9457230e-01   5.0542770e-01
   4.0200000e+01   4.7865096e-01   5.2134904e-01
   4.0300000e+01   4.7399248e-01   5.2600752e-01
   4.0400000e+01   4.8688848e-01   5.1311152e-01
   4.0500000e+01   5.0448988e-01   4.9551012e-01
   4.0600000e+01   5.2290245e-01   4.7709755e-01
   4.0700000e+01   5.3060466e-01   4.6939534e-01
   4.0800000e+01   5.3078541e-01   4.6921459e-01
   4.0900000e+01   5.3554581e-01   4.6445419e-01
   4.1000000e+01   5.3646058e-01   4.6353942e-01
   4.1100000e+01   5.2178019e-01   4.7821981e-01
   4.1200000e+01   5.0714022e-01   4.9285978e-01
   4.1300000e+01   4.8753535e-01   5.1246465e-01
   4.1400000e+01   4.7232805e-01   5.2767195e-01
   4.1500000e+01   4.7570595e-01   5.2429405e-01
   4.1600000e+01   4.7867602e-01   5.2132398e-01
   4.1700000e+01   4.7955173e-01   5.2044827e-01
   4.1800000e+01   4.9103326e-01   5.0896674e-01
   4.1900000e+01   5.0168897e-01   4.9831103e-01
   4.2000000e+01   5.0147019e-01   4.9852981e-01
   4.2100000e+01   4.9165922e-01   5.0834078e-01
   4.2200000e+01   4.7939919e-01   5.2060081e-01
   4.2300000e+01   4.6780387e-01   5.3219613e-01
   4.2400000e+01   4.7364154e-01   5.2635846e-01
   4.2500000e+01   4.9184869e-01   5.0815131e-01
   4.2600000e+01   5.0438705e-01   4.9561295e-01
   4.2700000e+01   5.1037582e-01   4.8962418e-01
   4.2800000e+01   5.1042808e-01   4.8957192e-01
   4.2900000e+01   5.1419925e-01   4.8580075e-01
   4.3000000e+01   5.1617700e-01   4.8382300e-01
   4.3100000e+01   5.1550241e-01   4.8449759e-01
   4.3200000e+01   5.1365773e-01   4.8634227e-01
   4.3300000e+01   5.1375774e-01   4.8624226e-01
   4.3400000e+01   5.0788353e-01   4.9211647e-01
   4.3500000e+01   4.9135652e-01   5.0864348e-01
   4.3600000e+01   4.6831852e-01   5.3168148e-01
   4.3700000e+01   4.4999998e-01   5.5000002e-01
   4.3800000e+01   4.4372033e-01   5.5627967e-01
   4.3900000e+01   4.4588855e-01   5.5411145e-01
   4.4000000e+01   4.4608203e-01   5.5391797e-01
   4.4100000e+01   4.3330989e-01   5.6669011e-01
   4.4200000e+01   4.1988954e-01   5.8011046e-01
   4.4300000e+01   4.1506791e-01   5.8493209e-01
   4.4400000e+01   4.1868691e-01   5.8131309e-01
   4.4500000e+01   4.2051725e-01   5.7948275e-01
   4.4600000e+01   4.1571803e-01   5.8428197e-01
   4.4700000e+01   4.0662396e-01   5.9337604e-01
   4.4800000e+01   4.0744825e-01   5.9255175e-01
   4.4900000e+01   4.1726690e-01   5.8273310e-01
   4.5000000e+01   4.2629302e-01   5.7370698e-01
   4.5100000e+01   4.3339650e-01   5.6660350e-01
   4.5200000e+01   4.3190472e-01   5.6809528e-01
   4.5300000e+01   4.2257542e-01   5.7742458e-01
   4.5400000e+01   4.2057433e-01   5.7942567e-01
   4.5500000e+01   4.2236244e-01   5.7763756e-01
   4.5600000e+01   4.2725885e-01   5.7274115e-01
   4.5700000e+01   4.3776106e-01   5.6223894e-01
   4.5800000e+01   4.3911201e-01   5.6088799e-01
   4.5900000e+01   4.3288052e-01   5.6711948e-01
   4.6000000e+01   4.3270780e-01   5.6729220e-01
   4.6100000e+01   4.3625976e-01   5.6374024e-01
   4.6200000e+01   4.2447993e-01   5.7552007e-01
   4.6300000e+01   4.1215161e-01   5.8784839e-01
   4.6400000e+01   4.0671597e-01   5.9328403e-01
   4.6500000e+01   4.0459247e-01   5.9540753e-01
   4.6600000e+01   4.1919338e-01   5.8080662e-01
   4.6700000e+01   4.5052874e-01   5.4947126e-01
   4.6800000e+01   4.7108017e-01   5.2891983e-01
   4.6900000e+01   4.7328618e-01   5.2671382e-01
   4.7000000e+01   4.6016167e-01   5.3983833e-01
   4.7100000e+01   4.3101879e-01   5.6898121e-01
   4.7200000e+01   4.0308079e-01   5.9691921e-01
   4.7300000e+01   3.9445465e-01   6.0554535e-01
   4.7400000e+01   3.9786364e-01   6.0213636e-01
   4.7500000e+01   4.0985958e-01   5.9014042e-01
   4.7600000e+01   4.2124557e-01   5.7875443e-01
   4.7700000e+01   4.2338902e-01   5.7661098e-01
   4.7800000e+01   4.2034815e-01   5.7965185e-01
   4.7900000e+01   4.1311007e-01   5.8688993e-01
   4.8000000e+01   3.9951102e-01   6.0048898e-01
   4.8100000e+01   3.9242281e-01   6.0757719e-01
   4.8200000e+01   4.0021702e-01   5.9978298e-01
   4.8300000e+01   4.1256574e-01   5.8743426e-01
   4.8400000e+01   4.3306432e-01   5.6693568e-01
   4.8500000e+01   4.5151973e-01   5.4848027e-01
   4.8600000e+01   4.4832274e-01   5.5167726e-01
   4.8700000e+01   4.4100260e-01   5.5899740e-01
   4.8800000e+01   4.3988328e-01   5.6011672e-01
   4.8900000e+01   4.3986761e-01   5.6013239e-01
   4.9000000e+01   4.5049923e-01   5.4950077e-01
   4.9100000e+01   4.7566657e-01   5.2433343e-01
   4.9200000e+01   4.8584741e-01   5.1415259e-01
   4.9300000e+01   4.7906091e-01   5.2093909e-01
   4.9400000e+01   4.7843221e-01   5.2156779e-01
   4.9500000e+01   4.8974355e-01   5.1025645e-01
   4.9600000e+01   5.0571969e-01   4.9428031e-01
   4.9700000e+01   5.2251586e-01   4.7748414e-01
   4.9800000e+01   5.1890527e-01   4.8109473e-01
   4.9900000e+01   4.9818969e-01   5.0181031e-01
   5.0000000e+01   4.7583843e-01   5.2416157e-01
   5.0100000e+01   4.6277846e-01   5.3722154e-01
   5.0200000e+01   4.6773895e-01   5.3226105e-01
   5.0300000e+01   4.8428107e-01   5.1571893e-01
   5.0400000e+01   4.9791494e-01   5.0208506e-01
   5.0500000e+01   4.9819714e-01   5.0180286e-01
   5.0600000e+01   4.9194326e-01   5.0805674e-01
   5.0700000e+01   4.8679098e-01   5.1320902e-01
   5.0800000e+01   4.8473778e-01   5.1526222e-01
   5.0900000e+01   4.9341716e-01   5.0658284e-01
   5.1000000e+01   5.1561944e-01   4.8438056e-01
   5.1100000e+01   5.4205349e-01   4.5794651e-01
   5.1200000e+01   5.5969831e-01   4.4030169e-01
   5.1300000e+01   5.6720245e-01   4.3279755e-01
   5.1400000e+01   5.6417815e-01   4.3582185e-01
   5.1500000e+01   5.5478087e-01   4.4521913e-01
   5.1600000e+01   5.4320836e-01   4.5679164e-01
   5.1700000e+01   5.2548153e-01   4.7451847e-01
   5.1800000e+01   5.0288539e-01   4.9711461e-01
   5.1900000e+01   4.8828074e-01   5.1171926e-01
   5.2000000e+01   4.8745051e-01   5.1254949e-01
   5.2100000e+01   4.9369456e-01   5.0630544e-01
   5.2200000e+01   5.0132910e-01   4.9867090e-01
   5.2300000e+01   5.0820578e-01   4.9179422e-01
   5.2400000e+01   5.0833506e-01   4.9166494e-01
   5.2500000e+01   5.0366739e-01   4.9633261e-01
   5.2600000e+01   4.9781324e-01   5.0218676e-01
   5.2700000e+01   4.9354772e-01   5.0645228e-01
   5.2800000e+01   4.9367045e-01   5.0632955e-01
   5.2900000e+01   5.0475580e-01   4.9524420e-01
   5.3000000e+01   5.2555727e-01   4.7444273e-01
   5.3100000e+01   5.4227846e-01   4.5772154e-01
   5.3200000e+01   5.4209414e-01   4.5790586e-01
   5.3300000e+01   5.3272682e-01   4.6727318e-01
   5.3400000e+01   5.1501858e-01   4.8498142e-01
   5.3500000e+01   4.8625694e-01   5.1374306e-01
   5.3600000e+01   4.6174860e-01   5.3825140e-01
   5.3700000e+01   4.6055207e-01   5.3944793e-01
   5.3800000e+01   4.7767137e-01   5.2232863e-01
   5.3900000e+01   4.9718067e-01   5.0281933e-01
   5.4000000e+01   5.1544621e-01   4.8455379e-01
   5.4100000e+01   5.1577843e-01   4.8422157e-01
   5.4200000e+01   4.9874044e-01   5.0125956e-01
   5.4300000e+01   4.7934489e-01   5.2065511e-01
   5.4400000e+01   4.7214265e-01   5.2785735e-01
   5.4500000e+01   4.8799706e-01   5.1200294e-01
   5.4600000e+01   5.1894415e-01   4.8105585e-01
   5.4700000e+01   5.4734230e-01   4.5265770e-01
   5.4800000e+01   5.5664603e-01   4.4335397e-01
   5.4900000e+01   5.4117792e-01   4.5882208e-01
   5.5000000e+01   5.1493585e-01   4.8506415e-01
   5.5100000e+01   5.0294010e-01   4.9705990e-01
   5.5200000e+01   5.0516307e-01   4.9483693e-01
   5.5300000e+01   5.1345241e-01   4.8654759e-01
   5.5400000e+01   5.2691040e-01   4.7308960e-01
   5.5500000e+01   5.3699521e-01   4.6300479e-01
   5.5600000e+01   5.3897800e-01   4.6102200e-01
   5.5700000e+01   5.2953856e-01   4.7046144e-01
   5.5800000e+01   5.1061491e-01   4.8938509e-01
   5.5900000e+01   4.9819877e-01   5.0180123e-01
   5.6000000e+01   4.9919765e-01   5.0080235e-01
   5.6100000e+01   5.0917807e-01   4.9082193e-01
   5.6200000e+01   5.2829907e-01   4.7170093e-01
   5.6300000e+01   5.4429515e-01   4.5570485e-01
   5.6400000e+01   5.3301529e-01   4.6698471e-01
   5.6500000e+01   5.1176821e-01   4.8823179e-01
   5.6600000e+01   4.9979372e-01   5.0020628e-01
   5.6700000e+01   4.9926632e-01   5.0073368e-01
   5.6800000e+01   5.1466912e-01   4.8533088e-01
   5.6900000e+01   5.2602078e-01   4.7397922e-01
   5.7000000e+01   5.2863123e-01   4.7136877e-01
   5.7100000e+01   5.1945912e-01   4.8054088e-01
   5.7200000e+01   5.0846364e-01   4.9153636e-01
   5.7300000e+01   5.0539210e-01   4.9460790e-01
   5.7400000e+01   5.1241857e-01   4.8758143e-01
   5.7500000e+01   5.1517874e-01   4.8482126e-01
   5.7600000e+01   5.0812904e-01   4.9187096e-01
   5.7700000e+01   5.0179375e-01   4.9820625e-01
   5.7800000e+01   4.9548983e-01   5.0451017e-01
   5.7900000e+01   4.8297347e-01   5.1702653e-01
   5.8000000e+01   4.7638732e-01   5.2361268e-01
   5.8100000e+01   4.8892360e-01   5.1107640e-01
   5.8200000e+01   5.0542722e-01   4.9457278e-01
   5.8300000e+01   5.1285612e-01   4.8714388e-01
   5.8400000e+01   5.2092844e-01   4.7907156e-01
   5.8500000e+01   5.3167328e-01   4.6832672e-01
   5.8600000e+01   5.3666458e-01   4.6333542e-01
   5.8700000e+01   5.3391187e-01   4.6608813e-01
   5.8800000e+01   5.2536211e-01   4.7463789e-01
   5.8900000e+01   5.0710765e-01   4.9289235e-01
   5.9000000e+01   4.8976202e-01   5.1023798e-01
   5.9100000e+01   4.8740161e-01   5.1259839e-01
   5.9200000e+01   4.9750786e-01   5.0249214e-01
   5.9300000e+01   5.0814976e-01   4.9185024e-01
   5.9400000e+01   5.0760147e-01   4.9239853e-01
   5.9500000e+01   5.0318078e-01   4.9681922e-01
   5.9600000e+01   5.1077646e-01   4.8922354e-01
   5.9700000e+01   5.3458502e-01   4.6541498e-01
   5.9800000e+01   5.6032436e-01   4.3967564e-01
   5.9900000e+01   5.7486332e-01   4.2513668e-01
   6.0000000e+01   5.7323236e-01   4.2676764e-01
   6.0100000e+01   5.4084197e-01   4.5915803e-01
   6.0200000e+01   5.0129196e-01   4.9870804e-01
   6.0300000e+01   4.8221301e-01   5.1778699e-01
   6.0400000e+01   4.8477517e-01   5.1522483e-01
   6.0500000e+01   5.0388854e-01   4.9611146e-01
   6.0600000e+01   5.2717304e-01   4.7282696e-01
   6.0700000e+01   5.3721957e-01   4.6278043e-01
   6.0800000e+01   5.2636774e-01   4.7363226e-01
   6.0900000e+01   5.1137027e-01   4.8862973e-01
   6.1000000e+01   5.0789066e-01   4.9210934e-01
   6.1100000e+01   5.0920809e-01   4.9079191e-01
   6.1200000e+01   5.1446282e-01   4.8553718e-01
   6.1300000e+01   5.2250021e-01   4.7749979e-01
   6.1400000e+01   5.2517707e-01   4.7482293e-01
   6.1500000e+01   5.2204851e-01   4.7795149e-01
   6.1600000e+01   5.1959599e-01   4.8040401e-01
   6.1700000e+01   5.1348199e-01   4.8651801e-01
   6.1800000e+01   5.0426803e-01   4.9573197e-01
   6.1900000e+01   5.1104351e-01   4.8895649e-01
   6.2000000e+01   5.2160365e-01   4.7839635e-01
   6.2100000e+01   5.2325555e-01   4.7674445e-01
   6.2200000e+01   5.2612996e-01   4.7387004e-01
   6.2300000e+01   5.2481602e-01   4.7518398e-01
   6.2400000e+01   5.1011661e-01   4.8988339e-01
   6.2500000e+01   4.9795516e-01   5.0204484e-01
   6.2600000e+01   5.0703164e-01   4.9296836e-01
   6.2700000e+01   5.2282203e-01   4.7717797e-01
   6.2800000e+01   5.3189837e-01   4.6810163e-01
   6.2900000e+01   5.3032755e-01   4.6967245e-01
   6.3000000e+01   5.1211020e-01   4.8788980e-01
   6.3100000e+01   4.8663929e-01   5.1336071e-01
   6.3200000e+01   4.7820304e-01   5.2179696e-01
   6.3300000e+01   4.9950401e-01   5.0049599e-01
   6.3400000e+01   5.2110973e-01   4.7889027e-01
   6.3500000e+01   5.2478429e-01   4.7521571e-01
   6.3600000e+01   5.1535341e-01   4.8464659e-01
   6.3700000e+01   5.0238365e-01   4.9761635e-01
   6.3800000e+01   4.9059133e-01   5.0940867e-01
   6.3900000e+01   4.7942582e-01   5.2057418e-01
   6.4000000e+01   4.7278871e-01   5.2721129e-01
   6.4100000e+01   4.7139730e-01   5.2860270e-01
   6.4200000e+01   4.8737197e-01   5.1262803e-01
   6.4300000e+01   5.2174274e-01   4.7825726e-01
   6.4400000e+01   5.5211549e-01   4.4788451e-01
   6.4500000e+01   5.5593923e-01   4.4406077e-01
   6.4600000e+01   5.4094511e-01   4.5905489e-01
   6.4700000e+01   5.1737898e-01   4.8262102e-01
   6.4800000e+01   5.0247151e-01   4.9752849e-01
   6.4900000e+01   4.9837476e-01   5.0162524e-01
   6.5000000e+01   4.9811878e-01   5.0188122e-01
   6.5100000e+01   5.0232422e-01   4.9767578e-01
   6.5200000e+01   5.0690031e-01   4.9309969e-01
   6.5300000e+01   5.1332387e-01   4.8667613e-01
   6.5400000e+01   5.2256323e-01   4.7743677e-01
   6.5500000e+01   5.2815404e-01   4.7184596e-01
   6.5600000e+01   5.3507977e-01   4.6492023e-01
   6.5700000e+01   5.4083803e-01   4.5916197e-01
   6.5800000e+01   5.2597497e-01   4.7402503e-01
   6.5900000e+01   5.0236650e-01   4.9763350e-01
   6.6000000e+01   4.8103687e-01   5.1896313e-01
   6.6100000e+01   4.5598069e-01   5.4401931e-01
   6.6200000e+01   4.3815844e-01   5.6184156e-01
   6.6300000e+01   4.3985123e-01   5.6014877e-01
   6.6400000e+01   4.5434114e-01   5.4565886e-01
   6.6500000e+01   4.7106551e-01   5.2893449e-01
   6.6600000e+01   4.8571578e-01   5.1428422e-01
   6.6700000e+01   4.9669320e-01   5.0330680e-01
   6.6800000e+01   4.9346030e-01   5.0653970e-01
   6.6900000e+01   4.9080015e-01   5.0919985e-01
   6.7000000e+01   4.9703852e-01   5.0296148e-01
   6.7100000e+01   5.0060488e-01   4.9939512e-01
   6.7200000e+01   5.0167595e-01   4.9832405e-01
   6.7300000e+01   5.0999760e-01   4.9000240e-01
   6.7400000e+01   5.2013441e-01   4.7986559e-01
   6.7500000e+01   5.2568136e-01   4.7431864e-01
   6.7600000e+01   5.2260354e-01   4.7739646e-01
   6.7700000e+01   5.0994659e-01   4.9005341e-01
   6.7800000e+01   4.9713200e-01   5.0286800e-01
   6.7900000e+01   5.0359707e-01   4.9640293e-01
   6.8000000e+01   5.2343249e-01   4.7656751e-01
   6.8100000e+01   5.3414834e-01   4.6585166e-01
   6.8200000e+01   5.3680988e-01   4.6319012e-01
   6.8300000e+01   5.2750995e-01   4.7249005e-01
   6.8400000e+01   5.1001005e-01   4.8998995e-01
   6.8500000e+01   4.9682041e-01   5.0317959e-01
   6.8600000e+01   4.9481076e-01   5.0518924e-01
   6.8700000e+01   4.9209779e-01   5.0790221e-01
   6.8800000e+01   4.8358125e-01   5.1641875e-01
   6.8900000e+01   4.7894898e-01   5.2105102e-01
   6.9000000e+01   4.7924650e-01   5.2075350e-01
   6.9100000e+01   4.7915671e-01   5.2084329e-01
   6.9200000e+01   4.9271918e-01   5.0728082e-01
   6.9300000e+01   5.1390619e-01   4.8609381e-01
   6.9400000e+01   5.2093097e-01   4.7906903e-01
   6.9500000e+01   5.1818262e-01   4.8181738e-01
   6.9600000e+01   5.2602489e-01   4.7397511e-01
   6.9700000e+01   5.4127935e-01   4.5872065e-01
   6.9800000e+01   5.4863148e-01   4.5136852e-01
   6.9900000e+01   5.4815165e-01   4.5184835e-01
   7.0000000e+01   5.3580378e-01   4.6419622e-01
   7.0100000e+01   5.1686007e-01   4.8313993e-01
   7.0200000e+01   5.0479515e-01   4.9520485e-01
   7.0300000e+01   4.9887367e-01   5.0112633e-01
   7.0400000e+01   4.8898832e-01   5.1101168e-01
   7.0500000e+01   4.7663725e-01   5.2336275e-01
   7.0600000e+01   4.7638280e-01   5.2361720e-01
   7.0700000e+01   4.8889224e-01   5.1110776e-01
   7.0800000e+01   5.1283122e-01   4.8716878e-01
   7.0900000e+01   5.3382807e-01   4.6617193e-01
   7.1000000e+01   5.4464570e-01   4.5535430e-01
   7.1100000e+01   5.4019371e-01   4.5980629e-01
   7.1200000e+01   5.2477079e-01   4.7522921e-01
   7.1300000e+01   5.1424864e-01   4.8575136e-01
   7.1400000e+01   5.1344833e-01   4.8655167e-01
   7.1500000e+01   5.2395477e-01   4.7604523e-01
   7.1600000e+01   5.4027536e-01   4.5972464e-01
   7.1700000e+01   5.5032830e-01   4.4967170e-01
   7.1800000e+01   5.5345620e-01   4.4654380e-01
   7.1900000e+01   5.4430528e-01   4.5569472e-01
   7.2000000e+01   5.2923176e-01   4.7076824e-01
   7.2100000e+01   5.1467094e-01   4.8532906e-01
   7.2200000e+01   5.0237286e-01   4.9762714e-01
   7.2300000e+01   4.9335224e-01   5.0664776e-01
   7.2400000e+01   4.9204783e-01   5.0795217e-01
   7.2500000e+01   4.9949687e-01   5.0050313e-01
   7.2600000e+01   5.0107396e-01   4.9892604e-01
   7.2700000e+01   4.9365960e-01   5.0634040e-01
   7.2800000e+01   4.8756586e-01   5.1243414e-01
   7.2900000e+01   4.9030946e-01   5.0969054e-01
   7.3000000e+01   5.0411821e-01   4.9588179e-01
   7.3100000e+01   5.2839537e-01   4.7160463e-01
   7.3200000e+01   5.4939428e-01   4.5060572e-01
   7.3300000e+01   5.5291260e-01   4.4708740e-01
   7.3400000e+01   5.3805821e-01   4.6194179e-01
   7.3500000e+01   5.1325249e-01   4.8674751e-01
   7.3600000e+01   4.9492614e-01   5.0507386e-01
   7.3700000e+01   4.8773060e-01   5.1226940e-01
   7.3800000e+01   4.9501924e-01   5.0498076e-01
   7.3900000e+01   5.1115105e-01   4.8884895e-01
   7.4000000e+01   5.2111787e-01   4.7888213e-01
   7.4100000e+01   5.2022029e-01   4.7977971e-01
   7.4200000e+01   5.2144562e-01   4.7855438e-01
   7.4300000e+01   5.2213542e-01   4.7786458e-01
   7.4400000e+01   5.1597450e-01   4.8402550e-01
   7.4500000e+01   5.1172658e-01   4.8827342e-01
   7.4600000e+01   5.1003328e-01   4.8996672e-01
   7.4700000e+01   5.0791085e-01   4.9208915e-01
   7.4800000e+01   5.0906461e-01   4.9093539e-01
   7.4900000e+01   5.1569520e-01   4.8430480e-01
   7.5000000e+01   5.2313264e-01   4.7686736e-01
   7.5100000e+01   5.2889385e-01   4.7110615e-01
   7.5200000e+01   5.2702072e-01   4.7297928e-01
   7.5300000e+01   5.2217159e-01   4.7782841e-01
   7.5400000e+01   5.2119428e-01   4.7880572e-01
   7.5500000e+01   5.1809893e-01   4.8190107e-01
   7.5600000e+01   5.0835499e-01   4.9164501e-01
   7.5700000e+01   5.0260486e-01   4.9739514e-01
   7.5800000e+01   4.9913658e-01   5.0086342e-01
   7.5900000e+01   5.0130307e-01   4.9869693e-01
   7.6000000e+01   5.2155377e-01   4.7844623e-01
   7.6100000e+01   5.3955569e-01   4.6044431e-01
   7.6200000e+01   5.3848312e-01   4.6151688e-01
   7.6300000e+01   5.3019771e-01   4.6980229e-01
   7.6400000e+01   5.2453338e-01   4.7546662e-01
   7.6500000e+01   5.2411876e-01   4.7588124e-01
   7.6600000e+01   5.3310543e-01   4.6689457e-01
   7.6700000e+01   5.3061725e-01   4.6938275e-01
   7.6800000e+01   5.0566156e-01   4.9433844e-01
   7.6900000e+01   4.8270518e-01   5.1729482e-01
   7.7000000e+01   4.7310206e-01   5.2689794e-01
   7.7100000e+01   4.8209207e-01   5.1790793e-01
   7.7200000e+01   5.1285235e-01   4.8714765e-01
   7.7300000e+01   5.4206259e-01   4.5793741e-01
   7.7400000e+01   5.5292337e-01   4.4707663e-01
   7.7500000e+01   5.5866730e-01   4.4133270e-01
   7.7600000e+01   5.5856520e-01   4.4143480e-01
   7.7700000e+01   5.4500854e-01   4.5499146e-01
   7.7800000e+01   5.3817717e-01   4.6182283e-01
   7.7900000e+01   5.3522176e-01   4.6477824e-01
   7.8000000e+01   5.2032368e-01   4.7967632e-01
   7.8100000e+01   4.9842113e-01   5.0157887e-01
   7.8200000e+01   4.7636479e-01   5.2363521e-01
   7.8300000e+01   4.5513246e-01   5.4486754e-01
   7.8400000e+01   4.4198291e-01   5.5801709e-01
   7.8500000e+01   4.4405055e-01   5.5594945e-01
   7.8600000e+01   4.4891475e-01   5.5108525e-01
   7.8700000e+01   4.5313806e-01   5.4686194e-01
   7.8800000e+01   4.5111211e-01   5.4888789e-01
   7.8900000e+01   4.3924075e-01   5.6075925e-01
   7.9000000e+01   4.2573824e-01   5.7426176e-01
   7.9100000e+01   4.1139377e-01   5.8860623e-01
   7.9200000e+01   3.9583017e-01   6.0416983e-01
   7.9300000e+01   3.9007397e-01   6.0992603e-01
   7.9400000e+01   3.8613396e-01   6.1386604e-01
   7.9500000e+01   3.8021079e-01   6.1978921e-01
   7.9600000e+01   3.7700514e-01   6.2299486e-01
   7.9700000e+01   3.7559481e-01   6.2440519e-01
   7.9800000e+01   3.8838576e-01   6.1161424e-01
   7.9900000e+01   4.2443999e-01   5.7556001e-01
   8.0000000e+01   4.6117347e-01   5.3882653e-01
   8.0100000e+01   4.8692971e-01   5.1307029e-01
   8.0200000e+01   5.0042269e-01   4.9957731e-01
   8.0300000e+01   4.9642001e-01   5.0357999e-01
   8.0400000e+01   4.9238315e-01   5.0761685e-01
   8.0500000e+01   5.0294745e-01   4.9705255e-01
   8.0600000e+01   5.1018951e-01   4.8981049e-01
   8.0700000e+01   5.0000754e-01   4.9999246e-01
   8.0800000e+01   4.8303669e-01   5.1696331e-01
   8.0900000e+01   4.5736482e-01   5.4263518e-01
   8.1000000e+01   4.3529105e-01   5.6470895e-01
   8.1100000e+01   4.2970920e-01   5.7029080e-01
   8.1200000e+01   4.3103489e-01   5.6896511e-01
   8.1300000e+01   4.3598532e-01   5.6401468e-01
   8.1400000e+01   4.4564803e-01   5.5435197e-01
   8.1500000e+01   4.5296804e-01   5.4703196e-01
   8.1600000e+01   4.5934565e-01   5.4065435e-01
   8.1700000e+01   4.7029021e-01   5.2970979e-01
   8.1800000e+01   4.7204867e-01   5.2795133e-01
   8.1900000e+01   4.6764105e-01   5.3235895e-01
   8.2000000e+01   4.6848495e-01   5.3151505e-01
   8.2100000e+01   4.7210667e-01   5.2789333e-01
   8.2200000e+01   4.7858496e-01   5.2141504e-01
   8.2300000e+01   4.7614564e-01   5.2385436e-01
   8.2400000e+01   4.6106246e-01   5.3893754e-01
   8.2500000e+01   4.5125579e-01   5.4874421e-01
   8.2600000e+01   4.6080773e-01   5.3919227e-01
   8.2700000e+01   4.7511009e-01   5.2488991e-01
   8.2800000e+01   4.8323425e-01   5.1676575e-01
   8.2900000e+01   4.6802930e-01   5.3197070e-01
   8.3000000e+01   4.3691694e-01   5.6308306e-01
   8.3100000e+01   4.2990541e-01   5.7009459e-01
   8.3200000e+01   4.5496166e-01   5.4503834e-01
   8.3300000e+01   4.8330292e-01   5.1669708e-01
   8.3400000e+01   4.9808429e-01   5.0191571e-01
   8.3500000e+01   5.0991611e-01   4.9008389e-01
   8.3600000e+01   5.1677773e-01   4.8322227e-01
   8.3700000e+01   5.2005873e-01   4.7994127e-01
   8.3800000e+01   5.2211296e-01   4.7788704e-01
   8.3900000e+01   5.1042878e-01   4.8957122e-01
   8.4000000e+01   4.8757002e-01   5.1242998e-01
   8.4100000e+01   4.7380798e-01   5.2619202e-01
   8.4200000e+01   4.6647332e-01   5.3352668e-01
   8.4300000e+01   4.6729721e-01   5.3270279e-01
   8.4400000e+01   4.7385226e-01   5.2614774e-01
   8.4500000e+01   4.7756286e-01   5.2243714e-01
   8.4600000e+01   4.7288254e-01   5.2711746e-01
   8.4700000e+01   4.5653152e-01   5.4346848e-01
   8.4800000e+01   4.3682208e-01   5.6317792e-01
   8.4900000e+01   4.3234717e-01   5.6765283e-01
   8.5000000e+01   4.5037993e-01   5.4962007e-01
   8.5100000e+01   4.7273129e-01   5.2726871e-01
   8.5200000e+01   4.9510025e-01   5.0489975e-01
   8.5300000e+01   5.0629885e-01   4.9370115e-01
   8.5400000e+01   5.0350834e-01   4.9649166e-01
   8.5500000e+01   5.0554580e-01   4.9445420e-01
   8.5600000e+01   5.1065463e-01   4.8934537e-01
   8.5700000e+01   4.9592019e-01   5.0407981e-01
   8.5800000e+01   4.9897975e-01   5.0102025e-01
   8.5900000e+01   5.1631912e-01   4.8368088e-01
   8.6000000e+01   5.4539455e-01   4.5460545e-01
   8.6100000e+01   5.8711359e-01   4.1288641e-01
   8.6200000e+01   4.0617086e-01   5.9382914e-01
   8.6300000e+01   3.6034567e-01   6.3965433e-01
   8.6400000e+01   3.2802004e-01   6.7197996e-01
   8.6500000e+01   3.0705956e-01   6.9294044e-01
   8.6600000e+01   2.9779954e-01   7.0220046e-01
   8.6700000e+01   3.1112121e-01   6.8887879e-01
   8.6800000e+01   3.0945477e-01   6.9054523e-01
   8.6900000e+01   3.0699414e-01   6.9300586e-01
   8.7000000e+01   3.2835324e-01   6.7164676e-01
   8.7100000e+01   3.5918161e-01   6.4081839e-01
   8.7200000e+01   3.7575059e-01   6.2424941e-01
   8.7300000e+01   3.7189330e-01   6.2810670e-01
   8.7400000e+01   3.6001982e-01   6.3998018e-01
   8.7500000e+01   3.4592872e-01   6.5407128e-01
   8.7600000e+01   3.3964830e-01   6.6035170e-01
   8.7700000e+01   3.4105965e-01   6.5894035e-01
   8.7800000e+01   3.4163174e-01   6.5836826e-01
   8.7900000e+01   3.4251162e-01   6.5748838e-01
   8.8000000e+01   3.3983441e-01   6.6016559e-01
   8.8100000e+01   3.3425511e-01   6.6574489e-01
   8.8200000e+01   3.3675850e-01   6.6324150e-01
   8.8300000e+01   3.5047890e-01   6.4952110e-01
   8.8400000e+01   3.6112010e-01   6.3887990e-01
   8.8500000e+01   3.6117855e-01   6.3882145e-01
   8.8600000e+01   3.4531818e-01   6.5468182e-01
   8.8700000e+01   3.2058585e-01   6.7941415e-01
   8.8800000e+01   3.1866858e-01   6.8133142e-01
   8.8900000e+01   3.3862862e-01   6.6137138e-01
   8.9000000e+01   3.6243011e-01   6.3756989e-01
   8.9100000e+01   3.8448913e-01   6.1551087e-01
   8.9200000e+01   3.9812857e-01   6.0187143e-01
   8.9300000e+01   3.8223280e-01   6.1776720e-01
   8.9400000e+01   3.5451511e-01   6.4548489e-01
   8.9500000e+01   3.4274572e-01   6.5725428e-01
   8.9600000e+01   3.4988015e-01   6.5011985e-01
   8.9700000e+01   3.7163508e-01   6.2836492e-01
   8.9800000e+01   3.8976088e-01   6.1023912e-01
   8.9900000e+01   3.9206879e-01   6.0793121e-01
   9.0000000e+01   3.7049294e-01   6.2950706e-01
   9.0100000e+01   3.5259453e-01   6.4740547e-01
   9.0200000e+01   3.4895198e-01   6.5104802e-01
   9.0300000e+01   3.6391832e-01   6.3608168e-01
   9.0400000e+01   3.7860406e-01   6.2139594e-01
   9.0500000e+01   3.8601886e-01   6.1398114e-01
   9.0600000e+01   3.8772379e-01   6.1227621e-01
   9.0700000e+01   3.6468829e-01   6.3531171e-01
   9.0800000e+01   3.3277459e-01   6.6722541e-01
   9.0900000e+01   3.1149873e-01   6.8850127e-01
   9.1000000e+01   3.0980997e-01   6.9019003e-01
   9.1100000e+01   3.2813360e-01   6.7186640e-01
   9.1200000e+01   3.5118599e-01   6.4881401e-01
   9.1300000e+01   3.6049798e-01   6.3950202e-01
   9.1400000e+01   3.5129107e-01   6.4870893e-01
   9.1500000e+01   3.4351933e-01   6.5648067e-01
   9.1600000e+01   3.5192014e-01   6.4807986e-01
   9.1700000e+01   3.6831684e-01   6.3168316e-01
   9.1800000e+01   3.7236519e-01   6.2763481e-01
   9.1900000e+01   3.5670897e-01   6.4329103e-01
   9.2000000e+01   3.3492025e-01   6.6507975e-01
   9.2100000e+01   3.1927961e-01   6.8072039e-01
   9.2200000e+01   3.2395342e-01   6.7604658e-01
   9.2300000e+01   3.5399035e-01   6.4600965e-01
   9.2400000e+01   3.8844104e-01   6.1155896e-01
   9.2500000e+01   4.0832058e-01   5.9167942e-01
   9.2600000e+01   4.0590687e-01   5.9409313e-01
   9.2700000e+01   3.7947149e-01   6.2052851e-01
   9.2800000e+01   3.3788789e-01   6.6211211e-01
   9.2900000e+01   3.0757617e-01   6.9242383e-01
   9.3000000e+01   3.1249859e-01   6.8750141e-01
   9.3100000e+01   3.3968833e-01   6.6031167e-01
   9.3200000e+01   3.6499226e-01   6.3500774e-01
   9.3300000e+01   3.7540307e-01   6.2459693e-01
   9.3400000e+01   3.5839543e-01   6.4160457e-01
   9.3500000e+01   3.2111194e-01   6.7888806e-01
   9.3600000e+01   2.9043765e-01   7.0956235e-01
   9.3700000e+01   2.7415806e-01   7.2584194e-01
   9.3800000e+01   2.6646037e-01   7.3353963e-01
   9.3900000e+01   2.7459316e-01   7.2540684e-01
   9.4000000e+01   3.0231628e-01   6.9768372e-01
   9.4100000e+01   3.3587558e-01   6.6412442e-01
   9.4200000e+01   3.5556834e-01   6.4443166e-01
   9.4300000e+01   3.6583401e-01   6.3416599e-01
   9.4400000e+01   3.7662100e-01   6.2337900e-01
   9.4500000e+01   3.9151818e-01   6.0848182e-01
   9.4600000e+01   3.9682127e-01   6.0317873e-01
   9.4700000e+01   3.8833773e-01   6.1166227e-01
   9.4800000e+01   3.7453254e-01   6.2546746e-01
   9.4900000e+01   3.5642186e-01   6.4357814e-01
   9.5000000e+01   3.4026520e-01   6.5973480e-01
   9.5100000e+01   3.3230196e-01   6.6769804e-01
   9.5200000e+01   3.3200384e-01   6.6799616e-01
   9.5300000e+01   3.3934765e-01   6.6065235e-01
   9.5400000e+01   3.5432134e-01   6.4567866e-01
   9.5500000e+01   3.6537299e-01   6.3462701e-01
   9.5600000e+01   3.6068127e-01   6.3931873e-01
   9.5700000e+01   3.4622867e-01   6.5377133e-01
   9.5800000e+01   3.2966376e-01   6.7033624e-01
   9.5900000e+01   3.2341484e-01   6.7658516e-01
   9.6000000e+01   3.3342094e-01   6.6657906e-01
   9.6100000e+01   3.4135084e-01   6.5864916e-01
   9.6200000e+01   3.3295207e-01   6.6704793e-01
   9.6300000e+01   3.1857512e-01   6.8142488e-01
   9.6400000e+01   3.1223733e-01   6.8776267e-01
   9.6500000e+01   3.1751815e-01   6.8248185e-01
   9.6600000e+01   3.3112273e-01   6.6887727e-01
   9.6700000e+01   3.4964539e-01   6.5035461e-01
   9.6800000e+01   3.6078348e-01   6.3921652e-01
   9.6900000e+01   3.5310616e-01   6.4689384e-01
   9.7000000e+01   3.4816024e-01   6.5183976e-01
   9.7100000e+01   3.5084182e-01   6.4915818e-01
   9.7200000e+01   3.5123403e-01   6.4876597e-01
   9.7300000e+01   3.4994770e-01   6.5005230e-01
   9.7400000e+01   3.4907608e-01   6.5092392e-01
   9.7500000e+01   3.4358919e-01   6.5641081e-01
   9.7600000e+01   3.3033085e-01   6.6966915e-01
   9.7700000e+01   3.1092090e-01   6.8907910e-01
   9.7800000e+01   2.9741792e-01   7.0258208e-01
   9.7900000e+01   3.0234494e-01   6.9765506e-01
   9.8000000e+01   3.2269307e-01   6.7730693e-01
   9.8100000e+01   3.5540692e-01   6.4459308e-01
   9.8200000e+01   3.7955548e-01   6.2044452e-01
   9.8300000e+01   3.8887256e-01   6.1112744e-01
   9.8400000e+01   3.9076486e-01   6.0923514e-01
   9.8500000e+01   3.9269407e-01   6.0730593e-01
   9.8600000e+01   3.9142402e-01   6.0857598e-01
   9.8700000e+01   3.8188447e-01   6.1811553e-01
   9.8800000e+01   3.6830861e-01   6.3169139e-01
   9.8900000e+01   3.5519130e-01   6.4480870e-01
   9.9000000e+01   3.4206403e-01   6.5793597e-01
   9.9100000e+01   3.3304554e-01   6.6695446e-01
   9.9200000e+01   3.3241381e-01   6.6758619e-01
   9.9300000e+01   3.3986761e-01   6.6013239e-01
   9.9400000e+01   3.5236357e-01   6.4763643e-01
   9.9500000e+01   3.7403445e-01   6.2596555e-01
   9.9600000e+01   3.8601211e-01   6.1398789e-01
   9.9700000e+01   3.7663692e-01   6.2336308e-01
   9.9800000e+01   3.5513658e-01   6.4486342e-01
   9.9900000e+01   3.3574402e-01   6.6425598e-01
   1.0000000e+02   3.3568995e-01   6.6431005e-01
   1.0010000e+02   3.4928733e-01   6.5071267e-01
   1.0020000e+02   3.6941407e-01   6.3058593e-01
   1.0030000e+02   3.7950183e-01   6.2049817e-01
   1.0040000e+02   3.7237682e-01   6.2762318e-01
   1.0050000e+02   3.5498977e-01   6.4501023e-01
   1.0060000e+02   3.4430214e-01   6.5569786e-01
   1.0070000e+02   3.4657727e-01   6.5342273e-01
   1.0080000e+02   3.5329158e-01   6.4670842e-01
   1.0090000e+02   3.6374458e-01   6.3625542e-01
   1.0100000e+02   3.6786880e-01   6.3213120e-01
   1.0110000e+02   3.5882136e-01   6.4117864e-01
   1.0120000e+02   3.5243301e-01   6.4756699e-01
   1.0130000e+02   3.4673772e-01   6.5326228e-01
   1.0140000e+02   3.4020638e-01   6.5979362e-01
   1.0150000e+02   3.3878080e-01   6.6121920e-01
   1.0160000e+02   3.3912072e-01   6.6087928e-01
   1.0170000e+02   3.3429176e-01   6.6570824e-01
   1.0180000e+02   3.3477650e-01   6.6522350e-01
   1.0190000e+02   3.4738138e-01   6.5261862e-01
   1.0200000e+02   3.5612445e-01   6.4387555e-01
   1.0210000e+02   3.5632143e-01   6.4367857e-01
   1.0220000e+02   3.5001017e-01   6.4998983e-01
   1.0230000e+02   3.3144279e-01   6.6855721e-01
   1.0240000e+02   3.1659544e-01   6.8340456e-01
   1.0250000e+02   3.3027055e-01   6.6972945e-01
   1.0260000e+02   3.5986962e-01   6.4013038e-01
   1.0270000e+02   3.8150403e-01   6.1849597e-01
   1.0280000e+02   3.8612541e-01   6.1387459e-01
   1.0290000e+02   3.7347447e-01   6.2652553e-01
   1.0300000e+02   3.5916267e-01   6.4083733e-01
   1.0310000e+02   3.5486852e-01   6.4513148e-01
   1.0320000e+02   3.5265088e-01   6.4734912e-01
   1.0330000e+02   3.4622278e-01   6.5377722e-01
   1.0340000e+02   3.3070559e-01   6.6929441e-01
   1.0350000e+02   3.1048339e-01   6.8951661e-01
   1.0360000e+02   2.9859838e-01   7.0140162e-01
   1.0370000e+02   3.0113104e-01   6.9886896e-01
   1.0380000e+02   3.2371183e-01   6.7628817e-01
   1.0390000e+02   3.6576987e-01   6.3423013e-01
   1.0400000e+02   4.1995322e-01   5.8004678e-01
   1.0410000e+02   4.6021551e-01   5.3978449e-01
   1.0420000e+02   4.6215912e-01   5.3784088e-01
   1.0430000e+02   4.2738284e-01   5.7261716e-01
   1.0440000e+02   3.7872697e-01   6.2127303e-01
   1.0450000e+02   3.5344083e-01   6.4655917e-01
   1.0460000e+02   3.4532338e-01   6.5467662e-01
   1.0470000e+02   3.5608954e-01   6.4391046e-01
   1.0480000e+02   3.6703017e-01   6.3296983e-01
   1.0490000e+02   3.6407233e-01   6.3592767e-01
   1.0500000e+02   3.4442682e-01   6.5557318e-01
   1.0510000e+02   3.2934533e-01   6.7065467e-01
   1.0520000e+02   3.3040994e-01   6.6959006e-01
   1.0530000e+02   3.4850486e-01   6.5149514e-01
   1.0540000e+02   3.5487791e-01   6.4512209e-01
   1.0550000e+02   3.5177360e-01   6.4822640e-01
   1.0560000e+02   3.5248582e-01   6.4751418e-01
   1.0570000e+02   3.4971429e-01   6.5028571e-01
   1.0580000e+02   3.5137896e-01   6.4862104e-01
   1.0590000e+02   3.5644725e-01   6.4355275e-01
   1.0600000e+02   3.5541231e-01   6.4458769e-01
   1.0610000e+02   3.4932425e-01   6.5067575e-01
   1.0620000e+02   3.4543648e-01   6.5456352e-01
   1.0630000e+02   3.4067196e-01   6.5932804e-01
   1.0640000e+02   3.3748899e-01   6.6251101e-01
   1.0650000e+02   3.3796475e-01   6.6203525e-01
   1.0660000e+02   3.4177450e-01   6.5822550e-01
   1.0670000e+02   3.4443995e-01   6.5556005e-01
   1.0680000e+02   3.4532088e-01   6.5467912e-01
   1.0690000e+02   3.5155702e-01   6.4844298e-01
   1.0700000e+02   3.6475601e-01   6.3524399e-01
   1.0710000e+02   3.7046560e-01   6.2953440e-01
   1.0720000e+02   3.6199712e-01   6.3800288e-01
   1.0730000e+02   3.4348075e-01   6.5651925e-01
   1.0740000e+02   3.3208102e-01   6.6791898e-01
   1.0750000e+02   3.3293278e-01   6.6706722e-01
   1.0760000e+02   3.3648796e-01   6.6351204e-01
   1.0770000e+02   3.3088711e-01   6.6911289e-01
   1.0780000e+02   3.1545126e-01   6.8454874e-01
   1.0790000e+02   2.9759198e-01   7.0240802e-01
   1.0800000e+02   2.9913770e-01   7.0086230e-01
   1.0810000e+02   3.2236844e-01   6.7763156e-01
   1.0820000e+02   3.4604127e-01   6.5395873e-01
   1.0830000e+02   3.6755946e-01   6.3244054e-01
   1.0840000e+02   3.7694746e-01   6.2305254e-01
   1.0850000e+02   3.6575240e-01   6.3424760e-01
   1.0860000e+02   3.5664719e-01   6.4335281e-01
   1.0870000e+02   3.5044380e-01   6.4955620e-01
   1.0880000e+02   3.3495375e-01   6.6504625e-01
   1.0890000e+02   3.2945749e-01   6.7054251e-01
   1.0900000e+02   3.3966004e-01   6.6033996e-01
   1.0910000e+02   3.5326595e-01   6.4673405e-01
   1.0920000e+02   3.7457427e-01   6.2542573e-01
   1.0930000e+02   4.0183566e-01   5.9816434e-01
   1.0940000e+02   4.3158627e-01   5.6841373e-01
   1.0950000e+02   4.6939258e-01   5.3060742e-01
   1.0960000e+02   5.0388339e-01   4.9611661e-01
   1.0970000e+02   5.0984946e-01   4.9015054e-01
   1.0980000e+02   4.8164758e-01   5.1835242e-01
   1.0990000e+02   4.3708147e-01   5.6291853e-01
   1.1000000e+02   3.9852928e-01   6.0147072e-01
   1.1010000e+02   3.8734496e-01   6.1265504e-01
   1.1020000e+02   4.0018788e-01   5.9981212e-01
   1.1030000e+02   4.1636066e-01   5.8363934e-01
   1.1040000e+02   4.2259395e-01   5.7740605e-01
   1.1050000e+02   4.1238562e-01   5.8761438e-01
   1.1060000e+02   3.8855793e-01   6.1144207e-01
   1.1070000e+02   3.5872573e-01   6.4127427e-01
   1.1080000e+02   3.3550197e-01   6.6449803e-01
   1.1090000e+02   3.4016317e-01   6.5983683e-01
   1.1100000e+02   3.7013181e-01   6.2986819e-01
   1.1110000e+02   4.2351083e-01   5.7648917e-01
   1.1120000e+02   4.7434584e-01   5.2565416e-01
   1.1130000e+02   4.8500961e-01   5.1499039e-01
   1.1140000e+02   4.6018051e-01   5.3981949e-01
   1.1150000e+02   4.1453461e-01   5.8546539e-01
   1.1160000e+02   3.9412037e-01   6.0587963e-01
   1.1170000e+02   3.9979827e-01   6.0020173e-01
   1.1180000e+02   4.1462333e-01   5.8537667e-01
   1.1190000e+02   4.1458843e-01   5.8541157e-01
   1.1200000e+02   4.0477032e-01   5.9522968e-01
   1.1210000e+02   4.0216807e-01   5.9783193e-01
   1.1220000e+02   4.1089186e-01   5.8910814e-01
   1.1230000e+02   4.2875527e-01   5.7124473e-01
   1.1240000e+02   4.3756616e-01   5.6243384e-01
   1.1250000e+02   4.2446503e-01   5.7553497e-01
   1.1260000e+02   4.0125247e-01   5.9874753e-01
   1.1270000e+02   3.8212222e-01   6.1787778e-01
   1.1280000e+02   3.6010285e-01   6.3989715e-01
   1.1290000e+02   3.3225723e-01   6.6774277e-01
   1.1300000e+02   3.1735254e-01   6.8264746e-01
   1.1310000e+02   3.1752516e-01   6.8247484e-01
   1.1320000e+02   3.2265019e-01   6.7734981e-01
   1.1330000e+02   3.3585374e-01   6.6414626e-01
   1.1340000e+02   3.4400233e-01   6.5599767e-01
   1.1350000e+02   3.4413126e-01   6.5586874e-01
   1.1360000e+02   3.4186419e-01   6.5813581e-01
   1.1370000e+02   3.4531681e-01   6.5468319e-01
   1.1380000e+02   3.5780259e-01   6.4219741e-01
   1.1390000e+02   3.7281760e-01   6.2718240e-01
   1.1400000e+02   3.8335845e-01   6.1664155e-01
   1.1410000e+02   3.8895870e-01   6.1104130e-01
   1.1420000e+02   3.8152897e-01   6.1847103e-01
   1.1430000e+02   3.7406611e-01   6.2593389e-01
   1.1440000e+02   3.7528014e-01   6.2471986e-01
   1.1450000e+02   3.7635597e-01   6.2364403e-01
   1.1460000e+02   3.6799796e-01   6.3200204e-01
   1.1470000e+02   3.5010609e-01   6.4989391e-01
   1.1480000e+02   3.2974749e-01   6.7025251e-01
   1.1490000e+02   3.1579873e-01   6.8420127e-01
   1.1500000e+02   3.1357257e-01   6.8642743e-01
   1.1510000e+02   3.2513933e-01   6.7486067e-01
   1.1520000e+02   3.3932177e-01   6.6067823e-01
   1.1530000e+02   3.4596143e-01   6.5403857e-01
   1.1540000e+02   3.5041647e-01   6.4958353e-01
   1.1550000e+02   3.6381060e-01   6.3618940e-01
   1.1560000e+02   3.8694372e-01   6.1305628e-01
   1.1570000e+02   4.0408718e-01   5.9591282e-01
   1.1580000e+02   4.0502041e-01   5.9497959e-01
   1.1590000e+02   3.7928379e-01   6.2071621e-01
   1.1600000e+02   3.4522705e-01   6.5477295e-01
   1.1610000e+02   3.1789959e-01   6.8210041e-01
   1.1620000e+02   3.0843672e-01   6.9156328e-01
   1.1630000e+02   3.1860520e-01   6.8139480e-01
   1.1640000e+02   3.4027428e-01   6.5972572e-01
   1.1650000e+02   3.6175538e-01   6.3824462e-01
   1.1660000e+02   3.7644557e-01   6.2355443e-01
   1.1670000e+02   3.7924837e-01   6.2075163e-01
   1.1680000e+02   3.6459598e-01   6.3540402e-01
   1.1690000e+02   3.4352142e-01   6.5647858e-01
   1.1700000e+02   3.3124624e-01   6.6875376e-01
   1.1710000e+02   3.2778172e-01   6.7221828e-01
   1.1720000e+02   3.2664776e-01   6.7335224e-01
   1.1730000e+02   3.2092609e-01   6.7907391e-01
   1.1740000e+02   3.1341460e-01   6.8658540e-01
   1.1750000e+02   3.1218030e-01   6.8781970e-01
   1.1760000e+02   3.2120520e-01   6.7879480e-01
   1.1770000e+02   3.3830631e-01   6.6169369e-01
   1.1780000e+02   3.6280318e-01   6.3719682e-01
   1.1790000e+02   3.8144000e-01   6.1856000e-01
   1.1800000e+02   3.7808832e-01   6.2191168e-01
   1.1810000e+02   3.6423133e-01   6.3576867e-01
   1.1820000e+02   3.5121797e-01   6.4878203e-01
   1.1830000e+02   3.3980603e-01   6.6019397e-01
   1.1840000e+02   3.3333928e-01   6.6666072e-01
   1.1850000e+02   3.3188005e-01   6.6811995e-01
   1.1860000e+02   3.3467904e-01   6.6532096e-01
   1.1870000e+02   3.4263367e-01   6.5736633e-01
   1.1880000e+02   3.5171164e-01   6.4828836e-01
   1.1890000e+02   3.5714487e-01   6.4285513e-01
   1.1900000e+02   3.5152578e-01   6.4847422e-01
   1.1910000e+02   3.3351398e-01   6.6648602e-01
   1.1920000e+02   3.2088785e-01   6.7911215e-01
   1.1930000e+02   3.1921134e-01   6.8078866e-01
   1.1940000e+02   3.1621568e-01   6.8378432e-01
   1.1950000e+02   3.1432091e-01   6.8567909e-01
   1.1960000e+02   3.1746254e-01   6.8253746e-01
   1.1970000e+02   3.2424434e-01   6.7575566e-01
   1.1980000e+02   3.3540703e-01   6.6459297e-01
   1.1990000e+02   3.3731146e-01   6.6268854e-01
   1.2000000e+02   3.1153974e-01   6.8846026e-01
   1.2010000e+02   2.8278871e-01   7.1721129e-01
   1.2020000e+02   2.6391708e-01   7.3608292e-01
   1.2030000e+02   2.6199724e-01   7.3800276e-01
   1.2040000e+02   2.9411935e-01   7.0588065e-01
   1.2050000e+02   3.3289335e-01   6.6710665e-01
   1.2060000e+02   3.5747669e-01   6.4252331e-01
   1.2070000e+02   3.6583196e-01   6.3416804e-01
   1.2080000e+02   3.7208035e-01   6.2791965e-01
   1.2090000e+02   3.7129298e-01   6.2870702e-01
   1.2100000e+02   3.6803309e-01   6.3196691e-01
   1.2110000e+02   3.7524744e-01   6.2475256e-01
   1.2120000e+02   3.7773976e-01   6.2226024e-01
   1.2130000e+02   3.6775821e-01   6.3224179e-01
   1.2140000e+02   3.6812971e-01   6.3187029e-01
   1.2150000e+02   3.7058651e-01   6.2941349e-01
   1.2160000e+02   3.6577514e-01   6.3422486e-01
   1.2170000e+02   3.6699460e-01   6.3300540e-01
   1.2180000e+02   3.6977633e-01   6.3022367e-01
   1.2190000e+02   3.7127812e-01   6.2872188e-01
   1.2200000e+02   3.7523875e-01   6.2476125e-01
   1.2210000e+02   3.6455021e-01   6.3544979e-01
   1.2220000e+02   3.3620768e-01   6.6379232e-01
   1.2230000e+02   3.1895529e-01   6.8104471e-01
   1.2240000e+02   3.2298195e-01   6.7701805e-01
   1.2250000e+02   3.5230000e-01   6.4770000e-01
   1.2260000e+02   3.9508630e-01   6.0491370e-01
   1.2270000e+02   4.1727477e-01   5.8272523e-01
   1.2280000e+02   4.0273895e-01   5.9726105e-01
   1.2290000e+02   3.7136530e-01   6.2863470e-01
   1.2300000e+02   3.3176159e-01   6.6823841e-01
   1.2310000e+02   3.0820284e-01   6.9179716e-01
   1.2320000e+02   3.0546240e-01   6.9453760e-01
   1.2330000e+02   3.1771711e-01   6.8228289e-01
   1.2340000e+02   3.4239302e-01   6.5760698e-01
   1.2350000e+02   3.7723603e-01   6.2276397e-01
   1.2360000e+02   4.0400140e-01   5.9599860e-01
   1.2370000e+02   4.1197650e-01   5.8802350e-01
   1.2380000e+02   4.0783796e-01   5.9216204e-01
   1.2390000e+02   3.9203849e-01   6.0796151e-01
   1.2400000e+02   3.6729534e-01   6.3270466e-01
   1.2410000e+02   3.4945441e-01   6.5054559e-01
   1.2420000e+02   3.4291698e-01   6.5708302e-01
   1.2430000e+02   3.3948118e-01   6.6051882e-01
   1.2440000e+02   3.3949639e-01   6.6050361e-01
   1.2450000e+02   3.4838575e-01   6.5161425e-01
   1.2460000e+02   3.5090205e-01   6.4909795e-01
   1.2470000e+02   3.4305161e-01   6.5694839e-01
   1.2480000e+02   3.3406577e-01   6.6593423e-01
   1.2490000e+02   3.2934174e-01   6.7065826e-01
   1.2500000e+02   3.3194594e-01   6.6805406e-01
   1.2510000e+02   3.3580366e-01   6.6419634e-01
   1.2520000e+02   3.3483316e-01   6.6516684e-01
   1.2530000e+02   3.3349544e-01   6.6650456e-01
   1.2540000e+02   3.3838828e-01   6.6161172e-01
   1.2550000e+02   3.4475578e-01   6.5524422e-01
   1.2560000e+02   3.5041406e-01   6.4958594e-01
   1.2570000e+02   3.4907159e-01   6.5092841e-01
   1.2580000e+02   3.4011260e-01   6.5988740e-01
   1.2590000e+02   3.3968240e-01   6.6031760e-01
   1.2600000e+02   3.4658461e-01   6.5341539e-01
   1.2610000e+02   3.5754048e-01   6.4245952e-01
   1.2620000e+02   3.7265696e-01   6.2734304e-01
   1.2630000e+02   3.8427216e-01   6.1572784e-01
   1.2640000e+02   3.9166945e-01   6.0833055e-01
   1.2650000e+02   3.9460707e-01   6.0539293e-01
   1.2660000e+02   3.8543474e-01   6.1456526e-01
   1.2670000e+02   3.7279389e-01   6.2720611e-01
   1.2680000e+02   3.7400117e-01   6.2599883e-01
   1.2690000e+02   3.9171623e-01   6.0828377e-01
   1.2700000e+02   3.9957679e-01   6.0042321e-01
   1.2710000e+02   3.9799378e-01   6.0200622e-01
   1.2720000e+02   3.8257227e-01   6.1742773e-01
   1.2730000e+02   3.5764893e-01   6.4235107e-01
   1.2740000e+02   3.4217648e-01   6.5782352e-01
   1.2750000e+02   3.3968289e-01   6.6031711e-01
   1.2760000e+02   3.2635210e-01   6.7364790e-01
   1.2770000e+02   3.0964351e-01   6.9035649e-01
   1.2780000e+02   3.0052652e-01   6.9947348e-01
   1.2790000e+02   2.8991240e-01   7.1008760e-01
   1.2800000e+02   2.8852645e-01   7.1147355e-01
   1.2810000e+02   3.0085760e-01   6.9914240e-01
   1.2820000e+02   3.1653532e-01   6.8346468e-01
   1.2830000e+02   3.3611650e-01   6.6388350e-01
   1.2840000e+02   3.5414065e-01   6.4585935e-01
   1.2850000e+02   3.6629368e-01   6.3370632e-01
   1.2860000e+02   3.8389806e-01   6.1610194e-01
   1.2870000e+02   3.9727187e-01   6.0272813e-01
   1.2880000e+02   3.9829593e-01   6.0170407e-01
   1.2890000e+02   4.0017037e-01   5.9982963e-01
   1.2900000e+02   3.9676775e-01   6.0323225e-01
   1.2910000e+02   3.9155771e-01   6.0844229e-01
   1.2920000e+02   4.0059917e-01   5.9940083e-01
   1.2930000e+02   4.0856123e-01   5.9143877e-01
   1.2940000e+02   4.0057558e-01   5.9942442e-01
   1.2950000e+02   3.8536997e-01   6.1463003e-01
   1.2960000e+02   3.6039909e-01   6.3960091e-01
   1.2970000e+02   3.3362087e-01   6.6637913e-01
   1.2980000e+02   3.3176756e-01   6.6823244e-01
   1.2990000e+02   3.4826326e-01   6.5173674e-01
   1.3000000e+02   3.6748592e-01   6.3251408e-01
   1.3010000e+02   3.8040072e-01   6.1959928e-01
   1.3020000e+02   3.8304546e-01   6.1695454e-01
   1.3030000e+02   3.7392269e-01   6.2607731e-01
   1.3040000e+02   3.5662673e-01   6.4337327e-01
   1.3050000e+02   3.3813514e-01   6.6186486e-01
   1.3060000e+02   3.2984719e-01   6.7015281e-01
   1.3070000e+02   3.2498363e-01   6.7501637e-01
   1.3080000e+02   3.2112258e-01   6.7887742e-01
   1.3090000e+02   3.2293829e-01   6.7706171e-01
   1.3100000e+02   3.2024799e-01   6.7975201e-01
   1.3110000e+02   3.2416594e-01   6.7583406e-01
   1.3120000e+02   3.4173742e-01   6.5826258e-01
   1.3130000e+02   3.5746532e-01   6.4253468e-01
   1.3140000e+02   3.5776785e-01   6.4223215e-01
   1.3150000e+02   3.4638355e-01   6.5361645e-01
   1.3160000e+02   3.1576138e-01   6.8423862e-01
   1.3170000e+02   2.9133306e-01   7.0866694e-01
   1.3180000e+02   3.0440687e-01   6.9559313e-01
   1.3190000e+02   3.3240185e-01   6.6759815e-01
   1.3200000e+02   3.5841211e-01   6.4158789e-01
   1.3210000e+02   3.7863084e-01   6.2136916e-01
   1.3220000e+02   3.8328485e-01   6.1671515e-01
   1.3230000e+02   3.8050876e-01   6.1949124e-01
   1.3240000e+02   3.8098823e-01   6.1901177e-01
   1.3250000e+02   3.9061529e-01   6.0938471e-01
   1.3260000e+02   3.9128150e-01   6.0871850e-01
   1.3270000e+02   3.7581202e-01   6.2418798e-01
   1.3280000e+02   3.5328029e-01   6.4671971e-01
   1.3290000e+02   3.4233440e-01   6.5766560e-01
   1.3300000e+02   3.4540574e-01   6.5459426e-01
   1.3310000e+02   3.4359544e-01   6.5640456e-01
   1.3320000e+02   3.5023691e-01   6.4976309e-01
   1.3330000e+02   3.6204144e-01   6.3795856e-01
   1.3340000e+02   3.4596246e-01   6.5403754e-01
   1.3350000e+02   3.3176328e-01   6.6823672e-01
   1.3360000e+02   3.4966741e-01   6.5033259e-01
   1.3370000e+02   3.7661562e-01   6.2338438e-01
   1.3380000e+02   3.9241014e-01   6.0758986e-01
   1.3390000e+02   3.8442050e-01   6.1557950e-01
   1.3400000e+02   3.6172012e-01   6.3827988e-01
   1.3410000e+02   3.3100875e-01   6.6899125e-01
   1.3420000e+02   3.1201883e-01   6.8798117e-01
   1.3430000e+02   3.0593790e-01   6.9406210e-01
   1.3440000e+02   3.0496917e-01   6.9503083e-01
   1.3450000e+02   3.0225755e-01   6.9774245e-01
   1.3460000e+02   3.1009618e-01   6.8990382e-01
   1.3470000e+02   3.3768497e-01   6.6231503e-01
   1.3480000e+02   3.6170760e-01   6.3829240e-01
   1.3490000e+02   3.6437743e-01   6.3562257e-01
   1.3500000e+02   3.5566297e-01   6.4433703e-01
   1.3510000e+02   3.4314773e-01   6.5685227e-01
   1.3520000e+02   3.4102786e-01   6.5897214e-01
   1.3530000e+02   3.5256280e-01   6.4743720e-01
   1.3540000e+02   3.6301709e-01   6.3698291e-01
   1.3550000e+02   3.5414500e-01   6.4585500e-01
   1.3560000e+02   3.2853030e-01   6.7146970e-01
   1.3570000e+02   3.0707066e-01   6.9292934e-01
   1.3580000e+02   3.0284229e-01   6.9715771e-01
   1.3590000e+02   3.1857765e-01   6.8142235e-01
   1.3600000e+02   3.4542116e-01   6.5457884e-01
   1.3610000e+02   3.6775902e-01   6.3224098e-01
   1.3620000e+02   3.6985121e-01   6.3014879e-01
   1.3630000e+02   3.5549612e-01   6.4450388e-01
   1.3640000e+02   3.4432464e-01   6.5567536e-01
   1.3650000e+02   3.4173150e-01   6.5826850e-01
   1.3660000e+02   3.3866256e-01   6.6133744e-01
   1.3670000e+02   3.4208475e-01   6.5791525e-01
   1.3680000e+02   3.3762174e-01   6.6237826e-01
   1.3690000e+02   3.3303503e-01   6.6696497e-01
   1.3700000e+02   3.4086785e-01   6.5913215e-01
   1.3710000e+02   3.5413799e-01   6.4586201e-01
   1.3720000e+02   3.5788975e-01   6.4211025e-01
   1.3730000e+02   3.6167789e-01   6.3832211e-01
   1.3740000e+02   3.6803727e-01   6.3196273e-01
   1.3750000e+02   3.6514089e-01   6.3485911e-01
   1.3760000e+02   3.5657959e-01   6.4342041e-01
   1.3770000e+02   3.5180777e-01   6.4819223e-01
   1.3780000e+02   3.4563925e-01   6.5436075e-01
   1.3790000e+02   3.3465309e-01   6.6534691e-01
   1.3800000e+02   3.2273962e-01   6.7726038e-01
   1.3810000e+02   3.1578539e-01   6.8421461e-01
   1.3820000e+02   3.1930183e-01   6.8069817e-01
   1.3830000e+02   3.3427460e-01   6.6572540e-01
   1.3840000e+02   3.5034898e-01   6.4965102e-01
   1.3850000e+02   3.5025097e-01   6.4974903e-01
   1.3860000e+02   3.4515473e-01   6.5484527e-01
   1.3870000e+02   3.4801232e-01   6.5198768e-01
   1.3880000e+02   3.5156069e-01   6.4843931e-01
   1.3890000e+02   3.4548595e-01   6.5451405e-01
   1.3900000e+02   3.3685049e-01   6.6314951e-01
   1.3910000e+02   3.2911172e-01   6.7088828e-01
   1.3920000e+02   3.5143176e-01   6.4856824e-01
   1.3930000e+02   3.7768140e-01   6.2231860e-01
   1.3940000e+02   4.1468544e-01   5.8531456e-01
   1.3950000e+02   4.6144892e-01   5.3855108e-01
   1.3960000e+02   5.1702838e-01   4.8297162e-01
   1.3970000e+02   1.9812498e-01   8.0187502e-01
   1.3980000e+02   1.8962933e-01   8.1037067e-01
   1.3990000e+02   1.8381590e-01   8.1618410e-01
   1.4000000e+02   1.8054770e-01   8.1945230e-01
   1.4010000e+02   1.8079271e-01   8.1920729e-01
   1.4020000e+02   1.8283594e-01   8.1716406e-01
   1.4030000e+02   1.8114852e-01   8.1885148e-01
   1.4040000e+02   1.8073631e-01   8.1926369e-01
   1.4050000e+02   1.7466392e-01   8.2533608e-01
   1.4060000e+02   1.5482580e-01   8.4517420e-01
   1.4070000e+02   1.4040143e-01   8.5959857e-01
   1.4080000e+02   1.3857593e-01   8.6142407e-01
   1.4090000e+02   1.5192154e-01   8.4807846e-01
   1.4100000e+02   1.6343336e-01   8.3656664e-01
   1.4110000e+02   1.6031270e-01   8.3968730e-01
   1.4120000e+02   1.5934123e-01   8.4065877e-01
   1.4130000e+02   1.6727814e-01   8.3272186e-01
   1.4140000e+02   1.7901509e-01   8.2098491e-01
   1.4150000e+02   1.9166531e-01   8.0833469e-01
   1.4160000e+02   1.7929129e-01   8.2070871e-01
   1.4170000e+02   1.5578743e-01   8.4421257e-01
   1.4180000e+02   1.3773126e-01   8.6226874e-01
   1.4190000e+02   1.4278999e-01   8.5721001e-01
   1.4200000e+02   1.6705281e-01   8.3294719e-01
   1.4210000e+02   1.9600080e-01   8.0399920e-01
   1.4220000e+02   2.1427556e-01   7.8572444e-01
   1.4230000e+02   2.1457151e-01   7.8542849e-01
   1.4240000e+02   1.9069394e-01   8.0930606e-01
   1.4250000e+02   1.6511061e-01   8.3488939e-01
   1.4260000e+02   1.4552410e-01   8.5447590e-01
   1.4270000e+02   1.3123710e-01   8.6876290e-01
   1.4280000e+02   1.2507819e-01   8.7492181e-01
   1.4290000e+02   1.3335497e-01   8.6664503e-01
   1.4300000e+02   1.5691746e-01   8.4308254e-01
   1.4310000e+02   1.8798896e-01   8.1201104e-01
   1.4320000e+02   2.1776738e-01   7.8223262e-01
   1.4330000e+02   2.4393070e-01   7.5606930e-01
   1.4340000e+02   2.7085621e-01   7.2914379e-01
   1.4350000e+02   3.0030945e-01   6.9969055e-01
   1.4360000e+02   3.2554004e-01   6.7445996e-01
   1.4370000e+02   3.5171531e-01   6.4828469e-01
   1.4380000e+02   3.4937879e-01   6.5062121e-01
   1.4390000e+02   3.2065978e-01   6.7934022e-01
   1.4400000e+02   2.7624432e-01   7.2375568e-01
   1.4410000e+02   2.2680938e-01   7.7319062e-01
   1.4420000e+02   1.8536071e-01   8.1463929e-01
   1.4430000e+02   1.6382888e-01   8.3617112e-01
   1.4440000e+02   1.5540952e-01   8.4459048e-01
   1.4450000e+02   1.5895307e-01   8.4104693e-01
   1.4460000e+02   1.7490422e-01   8.2509578e-01
   1.4470000e+02   3.6013184e-01   6.3986816e-01
   1.4480000e+02   3.4178073e-01   6.5821927e-01
   1.4490000e+02   3.2565293e-01   6.7434707e-01
   1.4500000e+02   3.1375719e-01   6.8624281e-01
   1.4510000e+02   3.0633941e-01   6.9366059e-01
   1.4520000e+02   2.9754150e-01   7.0245850e-01
   1.4530000e+02   3.0748189e-01   6.9251811e-01
   1.4540000e+02   3.5362642e-01   6.4637358e-01
   1.4550000e+02   3.9334394e-01   6.0665606e-01
   1.4560000e+02   4.1404878e-01   5.8595122e-01
   1.4570000e+02   4.0976416e-01   5.9023584e-01
   1.4580000e+02   3.9088176e-01   6.0911824e-01
   1.4590000e+02   3.6737385e-01   6.3262615e-01
   1.4600000e+02   3.5509126e-01   6.4490874e-01
   1.4610000e+02   3.6720701e-01   6.3279299e-01
   1.4620000e+02   3.6069333e-01   6.3930667e-01
   1.4630000e+02   3.2567595e-01   6.7432405e-01
   1.4640000e+02   2.7297962e-01   7.2702038e-01
   1.4650000e+02   2.5491395e-01   7.4508605e-01
   1.4660000e+02   2.5788435e-01   7.4211565e-01
   1.4670000e+02   2.8578024e-01   7.1421976e-01
   1.4680000e+02   3.4027680e-01   6.5972320e-01
   1.4690000e+02   3.8311345e-01   6.1688655e-01
   1.4700000e+02   4.0845449e-01   5.9154551e-01
   1.4710000e+02   3.9882852e-01   6.0117148e-01
   1.4720000e+02   3.6985747e-01   6.3014253e-01
   1.4730000e+02   3.4130484e-01   6.5869516e-01
   1.4740000e+02   3.4694275e-01   6.5305725e-01
   1.4750000e+02   3.7953487e-01   6.2046513e-01
   1.4760000e+02   3.9201677e-01   6.0798323e-01
   1.4770000e+02   3.7750552e-01   6.2249448e-01
   1.4780000e+02   3.3800158e-01   6.6199842e-01
   1.4790000e+02   3.0963452e-01   6.9036548e-01
   1.4800000e+02   3.0964052e-01   6.9035948e-01
   1.4810000e+02   3.3618546e-01   6.6381454e-01
   1.4820000e+02   3.6167253e-01   6.3832747e-01
   1.4830000e+02   3.6511917e-01   6.3488083e-01
   1.4840000e+02   3.5409863e-01   6.4590137e-01
   1.4850000e+02   3.2845427e-01   6.7154573e-01
   1.4860000e+02   3.0667960e-01   6.9332040e-01
   1.4870000e+02   3.0997175e-01   6.9002825e-01
   1.4880000e+02   3.3865582e-01   6.6134418e-01
   1.4890000e+02   3.6955124e-01   6.3044876e-01
   1.4900000e+02   3.7433762e-01   6.2566238e-01
   1.4910000e+02   3.6657933e-01   6.3342067e-01
   1.4920000e+02   3.5541136e-01   6.4458864e-01
   1.4930000e+02   3.5446659e-01   6.4553341e-01
   1.4940000e+02   3.5615033e-01   6.4384967e-01
   1.4950000e+02   3.4658042e-01   6.5341958e-01
   1.4960000e+02   3.2453273e-01   6.7546727e-01
   1.4970000e+02   3.0941041e-01   6.9058959e-01
   1.4980000e+02   3.1310679e-01   6.8689321e-01
   1.4990000e+02   3.3085936e-01   6.6914064e-01
   1.5000000e+02   3.4654690e-01   6.5345310e-01
   1.5010000e+02   3.4979635e-01   6.5020365e-01
   1.5020000e+02   3.5286892e-01   6.4713108e-01
   1.5030000e+02   3.6282154e-01   6.3717846e-01
   1.5040000e+02   3.7038115e-01   6.2961885e-01
   1.5050000e+02   3.7221297e-01   6.2778703e-01
   1.5060000e+02   3.7321602e-01   6.2678398e-01
   1.5070000e+02   3.6448482e-01   6.3551518e-01
   1.5080000e+02   3.6101930e-01   6.3898070e-01
   1.5090000e+02   3.6484210e-01   6.3515790e-01
   1.5100000e+02   3.6250499e-01   6.3749501e-01
   1.5110000e+02   3.5971295e-01   6.4028705e-01
   1.5120000e+02   3.5982375e-01   6.4017625e-01
   1.5130000e+02   3.6673625e-01   6.3326375e-01
   1.5140000e+02   3.8043703e-01   6.1956297e-01
   1.5150000e+02   3.8608611e-01   6.1391389e-01
   1.5160000e+02   3.7970887e-01   6.2029113e-01
   1.5170000e+02   3.7089182e-01   6.2910818e-01
   1.5180000e+02   3.5914115e-01   6.4085885e-01
   1.5190000e+02   3.5500687e-01   6.4499313e-01
   1.5200000e+02   3.7126844e-01   6.2873156e-01
   1.5210000e+02   3.8671165e-01   6.1328835e-01
   1.5220000e+02   3.8869087e-01   6.1130913e-01
   1.5230000e+02   3.8207245e-01   6.1792755e-01
   1.5240000e+02   3.6955845e-01   6.3044155e-01
   1.5250000e+02   3.5820037e-01   6.4179963e-01
   1.5260000e+02   3.5829082e-01   6.4170918e-01
   1.5270000e+02   3.6760485e-01   6.3239515e-01
   1.5280000e+02   3.7130360e-01   6.2869640e-01
   1.5290000e+02   3.6944022e-01   6.3055978e-01
   1.5300000e+02   3.6776457e-01   6.3223543e-01
   1.5310000e+02   3.6277639e-01   6.3722361e-01
   1.5320000e+02   3.5437333e-01   6.4562667e-01
   1.5330000e+02   3.5638786e-01   6.4361214e-01
   1.5340000e+02   3.5967006e-01   6.4032994e-01
   1.5350000e+02   3.4834105e-01   6.5165895e-01
   1.5360000e+02   3.4009483e-01   6.5990517e-01
   1.5370000e+02   3.3786378e-01   6.6213622e-01
   1.5380000e+02   3.4168391e-01   6.5831609e-01
   1.5390000e+02   3.5674702e-01   6.4325298e-01
   1.5400000e+02   3.6556018e-01   6.3443982e-01
   1.5410000e+02   3.5145505e-01   6.4854495e-01
   1.5420000e+02   3.2783353e-01   6.7216647e-01
   1.5430000e+02   3.0569516e-01   6.9430484e-01
   1.5440000e+02   2.9306053e-01   7.0693947e-01
   1.5450000e+02   2.9613363e-01   7.0386637e-01
   1.5460000e+02   3.1270316e-01   6.8729684e-01
   1.5470000e+02   3.3668004e-01   6.6331996e-01
   1.5480000e+02   3.6448205e-01   6.3551795e-01
   1.5490000e+02   3.7608181e-01   6.2391819e-01
   1.5500000e+02   3.6694628e-01   6.3305372e-01
   1.5510000e+02   3.4072719e-01   6.5927281e-01
   1.5520000e+02   3.2386774e-01   6.7613226e-01
   1.5530000e+02   3.2662012e-01   6.7337988e-01
   1.5540000e+02   3.4387346e-01   6.5612654e-01
   1.5550000e+02   3.5924195e-01   6.4075805e-01
   1.5560000e+02   3.5579251e-01   6.4420749e-01
   1.5570000e+02   3.3715452e-01   6.6284548e-01
   1.5580000e+02   3.1817404e-01   6.8182596e-01
   1.5590000e+02   3.0987680e-01   6.9012320e-01
   1.5600000e+02   3.2479410e-01   6.7520590e-01
   1.5610000e+02   3.7200756e-01   6.2799244e-01
   1.5620000e+02   4.0859715e-01   5.9140285e-01
   1.5630000e+02   4.2298249e-01   5.7701751e-01
   1.5640000e+02   3.8438633e-01   6.1561367e-01
   1.5650000e+02   3.1950080e-01   6.8049920e-01
   1.5660000e+02   2.7408073e-01   7.2591927e-01
   1.5670000e+02   2.5527329e-01   7.4472671e-01
   1.5680000e+02   2.8682242e-01   7.1317758e-01
   1.5690000e+02   3.2999728e-01   6.7000272e-01
   1.5700000e+02   3.5284502e-01   6.4715498e-01
   1.5710000e+02   3.4597015e-01   6.5402985e-01
   1.5720000e+02   3.3915064e-01   6.6084936e-01
   1.5730000e+02   3.4000623e-01   6.5999377e-01
   1.5740000e+02   3.5360622e-01   6.4639378e-01
   1.5750000e+02   3.6962093e-01   6.3037907e-01
   1.5760000e+02   3.7404463e-01   6.2595537e-01
   1.5770000e+02   3.7708788e-01   6.2291212e-01
   1.5780000e+02   3.8687054e-01   6.1312946e-01
   1.5790000e+02   3.9919147e-01   6.0080853e-01
   1.5800000e+02   4.0581591e-01   5.9418409e-01
   1.5810000e+02   3.9799194e-01   6.0200806e-01
   1.5820000e+02   3.7875357e-01   6.2124643e-01
   1.5830000e+02   3.6662763e-01   6.3337237e-01
   1.5840000e+02   3.7004895e-01   6.2995105e-01
   1.5850000e+02   3.9021748e-01   6.0978252e-01
   1.5860000e+02   4.1663080e-01   5.8336920e-01
   1.5870000e+02   4.2839990e-01   5.7160010e-01
   1.5880000e+02   4.0480087e-01   5.9519913e-01
   1.5890000e+02   3.6809039e-01   6.3190961e-01
   1.5900000e+02   3.3156985e-01   6.6843015e-01
   1.5910000e+02   3.1625057e-01   6.8374943e-01
   1.5920000e+02   3.3046090e-01   6.6953910e-01
   1.5930000e+02   3.4707191e-01   6.5292809e-01
   1.5940000e+02   3.5893445e-01   6.4106555e-01
   1.5950000e+02   3.6434363e-01   6.3565637e-01
   1.5960000e+02   3.5802385e-01   6.4197615e-01
   1.5970000e+02   3.5923978e-01   6.4076022e-01
   1.5980000e+02   3.7048644e-01   6.2951356e-01
   1.5990000e+02   3.7918046e-01   6.2081954e-01
   1.6000000e+02   3.8348163e-01   6.1651837e-01
   1.6010000e+02   3.7086448e-01   6.2913552e-01
   1.6020000e+02   3.4702807e-01   6.5297193e-01
   1.6030000e+02   3.4178377e-01   6.5821623e-01
   1.6040000e+02   3.5047293e-01   6.4952707e-01
   1.6050000e+02   3.6064798e-01   6.3935202e-01
   1.6060000e+02   3.7441550e-01   6.2558450e-01
   1.6070000e+02   3.7175417e-01   6.2824583e-01
   1.6080000e+02   3.4527548e-01   6.5472452e-01
   1.6090000e+02   3.2381211e-01   6.7618789e-01
   1.6100000e+02   3.1900645e-01   6.8099355e-01
   1.6110000e+02   3.2404059e-01   6.7595941e-01
   1.6120000e+02   3.3525709e-01   6.6474291e-01
   1.6130000e+02   3.4051579e-01   6.5948421e-01
   1.6140000e+02   3.4111555e-01   6.5888445e-01
   1.6150000e+02   3.4107727e-01   6.5892273e-01
   1.6160000e+02   3.4667758e-01   6.5332242e-01
   1.6170000e+02   3.4615180e-01   6.5384820e-01
   1.6180000e+02   3.3653871e-01   6.6346129e-01
   1.6190000e+02   3.2602883e-01   6.7397117e-01
   1.6200000e+02   3.3307011e-01   6.6692989e-01
   1.6210000e+02   3.5315425e-01   6.4684575e-01
   1.6220000e+02   3.6494804e-01   6.3505196e-01
   1.6230000e+02   3.6459352e-01   6.3540648e-01
   1.6240000e+02   3.5066666e-01   6.4933334e-01
   1.6250000e+02   3.4087949e-01   6.5912051e-01
   1.6260000e+02   3.4678539e-01   6.5321461e-01
   1.6270000e+02   3.5793888e-01   6.4206112e-01
   1.6280000e+02   3.5879266e-01   6.4120734e-01
   1.6290000e+02   3.5581171e-01   6.4418829e-01
   1.6300000e+02   3.4271752e-01   6.5728248e-01
   1.6310000e+02   3.2083362e-01   6.7916638e-01
   1.6320000e+02   3.1017610e-01   6.8982390e-01
   1.6330000e+02   3.1247976e-01   6.8752024e-01
   1.6340000e+02   3.2470902e-01   6.7529098e-01
   1.6350000e+02   3.4415311e-01   6.5584689e-01
   1.6360000e+02   3.6759284e-01   6.3240716e-01
   1.6370000e+02   3.7992323e-01   6.2007677e-01
   1.6380000e+02   3.8485076e-01   6.1514924e-01
   1.6390000e+02   3.8655987e-01   6.1344013e-01
   1.6400000e+02   3.8455121e-01   6.1544879e-01
   1.6410000e+02   3.7883884e-01   6.2116116e-01
   1.6420000e+02   3.6718630e-01   6.3281370e-01
   1.6430000e+02   3.5333870e-01   6.4666130e-01
   1.6440000e+02   3.4187934e-01   6.5812066e-01
   1.6450000e+02   3.3126314e-01   6.6873686e-01
   1.6460000e+02   3.3288581e-01   6.6711419e-01
   1.6470000e+02   3.2921796e-01   6.7078204e-01
   1.6480000e+02   3.1894892e-01   6.8105108e-01
   1.6490000e+02   3.0380808e-01   6.9619192e-01
   1.6500000e+02   2.8321414e-01   7.1678586e-01
