Number of states:  3    Max probability found:  580.789
FRET peaks at:   -0.580942  0.182148  0.757837
FRET sigma:  0.0892176    Signal sigma:  0.4996
Transition probability matrix:  
      -0.580942      -0.580942             -1              0              0
      -0.580942       0.182148         0.4996     0.00337838              1
      -0.580942       0.757837   1.32221e-005              0              0
       0.182148      -0.580942     0.00947214              0              0
       0.182148       0.182148             -1              0              0
       0.182148       0.757837       0.989214     0.00168919              1
       0.757837      -0.580942     0.00169597       0.341216              1
       0.757837       0.182148   1.32221e-005              0              0
       0.757837       0.757837             -1              0              0
