Number of states:  3    Max probability found:  5309.65
FRET peaks at:    0.524878  0.664488   0.80745
FRET sigma:  0.0234208    Signal sigma:  0.199912
Transition probability matrix:  
       0.524878       0.524878             -1              0              0
       0.524878       0.664488       0.199912      0.0107991              5
       0.524878        0.80745   3.42172e-010              0              0
       0.664488       0.524878        0.02286      0.0311015              5
       0.664488       0.664488             -1              0              0
       0.664488        0.80745      0.0228274      0.0643629              5
        0.80745       0.524878   3.42172e-010              0              0
        0.80745       0.664488     0.00241429       0.702808              5
        0.80745        0.80745             -1              0              0
