Number of states:  3    Max probability found:  3321.02
FRET peaks at:    0.500936  0.646823  0.827223
FRET sigma:  0.0303793    Signal sigma:  0.00844434
Transition probability matrix:  
       0.500936       0.500936             -1              0              0
       0.500936       0.646823     0.00844434       0.515445              9
       0.500936       0.827223     0.00120676     0.00121139              1
       0.646823       0.500936      0.0089819       0.329497              9
       0.646823       0.646823             -1              0              0
       0.646823       0.827223     0.00128346     0.00423985              1
       0.827223       0.500936   6.64491e-008              0              0
       0.827223       0.646823      0.0465116      0.0260448              2
       0.827223       0.827223             -1              0              0
