   0.0000000e+00   7.8925636e-01   2.1074364e-01
   1.0000000e-01   7.9960781e-01   2.0039219e-01
   2.0000000e-01   8.0724532e-01   1.9275468e-01
   3.0000000e-01   8.1223878e-01   1.8776122e-01
   4.0000000e-01   8.1446753e-01   1.8553247e-01
   5.0000000e-01   8.1449055e-01   1.8550945e-01
   6.0000000e-01   8.1236353e-01   1.8763647e-01
   7.0000000e-01   8.0696842e-01   1.9303158e-01
   8.0000000e-01   8.0559545e-01   1.9440455e-01
   9.0000000e-01   8.0436837e-01   1.9563163e-01
   1.0000000e+00   8.0344132e-01   1.9655868e-01
   1.1000000e+00   8.1110548e-01   1.8889452e-01
   1.2000000e+00   8.2139924e-01   1.7860076e-01
   1.3000000e+00   8.2428540e-01   1.7571460e-01
   1.4000000e+00   8.2443423e-01   1.7556577e-01
   1.5000000e+00   8.2176773e-01   1.7823227e-01
   1.6000000e+00   8.1193049e-01   1.8806951e-01
   1.7000000e+00   8.0201200e-01   1.9798800e-01
   1.8000000e+00   7.9681260e-01   2.0318740e-01
   1.9000000e+00   7.9063161e-01   2.0936839e-01
   2.0000000e+00   7.8695448e-01   2.1304552e-01
   2.1000000e+00   7.9449262e-01   2.0550738e-01
   2.2000000e+00   8.0124541e-01   1.9875459e-01
   2.3000000e+00   8.0012208e-01   1.9987792e-01
   2.4000000e+00   7.9325837e-01   2.0674163e-01
   2.5000000e+00   7.8609314e-01   2.1390686e-01
   2.6000000e+00   7.8701481e-01   2.1298519e-01
   2.7000000e+00   7.9936279e-01   2.0063721e-01
   2.8000000e+00   8.1246393e-01   1.8753607e-01
   2.9000000e+00   8.1600492e-01   1.8399508e-01
   3.0000000e+00   8.0952963e-01   1.9047037e-01
   3.1000000e+00   7.9815402e-01   2.0184598e-01
   3.2000000e+00   7.9067940e-01   2.0932060e-01
   3.3000000e+00   7.8669150e-01   2.1330850e-01
   3.4000000e+00   7.7957509e-01   2.2042491e-01
   3.5000000e+00   7.7517923e-01   2.2482077e-01
   3.6000000e+00   7.8013034e-01   2.1986966e-01
   3.7000000e+00   7.8817652e-01   2.1182348e-01
   3.8000000e+00   7.9028608e-01   2.0971392e-01
   3.9000000e+00   7.9315602e-01   2.0684398e-01
   4.0000000e+00   7.9368295e-01   2.0631705e-01
   4.1000000e+00   8.0037859e-01   1.9962141e-01
   4.2000000e+00   8.1491912e-01   1.8508088e-01
   4.3000000e+00   8.2055260e-01   1.7944740e-01
   4.4000000e+00   8.1898420e-01   1.8101580e-01
   4.5000000e+00   8.1526967e-01   1.8473033e-01
   4.6000000e+00   8.1023375e-01   1.8976625e-01
   4.7000000e+00   7.9633589e-01   2.0366411e-01
   4.8000000e+00   7.8146643e-01   2.1853357e-01
   4.9000000e+00   7.6826066e-01   2.3173934e-01
   5.0000000e+00   7.6385971e-01   2.3614029e-01
   5.1000000e+00   7.7312065e-01   2.2687935e-01
   5.2000000e+00   7.9986244e-01   2.0013756e-01
   5.3000000e+00   8.1583067e-01   1.8416933e-01
   5.4000000e+00   8.1620115e-01   1.8379885e-01
   5.5000000e+00   8.0880160e-01   1.9119840e-01
   5.6000000e+00   7.9697884e-01   2.0302116e-01
   5.7000000e+00   7.8404237e-01   2.1595763e-01
   5.8000000e+00   7.7620958e-01   2.2379042e-01
   5.9000000e+00   7.8223684e-01   2.1776316e-01
   6.0000000e+00   7.9462238e-01   2.0537762e-01
   6.1000000e+00   8.0571773e-01   1.9428227e-01
   6.2000000e+00   8.0923896e-01   1.9076104e-01
   6.3000000e+00   7.9936913e-01   2.0063087e-01
   6.4000000e+00   7.9082994e-01   2.0917006e-01
   6.5000000e+00   7.9398517e-01   2.0601483e-01
   6.6000000e+00   8.0512282e-01   1.9487718e-01
   6.7000000e+00   8.1550723e-01   1.8449277e-01
   6.8000000e+00   8.1759424e-01   1.8240576e-01
   6.9000000e+00   8.1431912e-01   1.8568088e-01
   7.0000000e+00   8.1716883e-01   1.8283117e-01
   7.1000000e+00   8.2711833e-01   1.7288167e-01
   7.2000000e+00   8.3813911e-01   1.6186089e-01
   7.3000000e+00   8.4360181e-01   1.5639819e-01
   7.4000000e+00   8.4049258e-01   1.5950742e-01
   7.5000000e+00   8.3039461e-01   1.6960539e-01
   7.6000000e+00   8.1784683e-01   1.8215317e-01
   7.7000000e+00   8.0789743e-01   1.9210257e-01
   7.8000000e+00   8.0456387e-01   1.9543613e-01
   7.9000000e+00   8.0979852e-01   1.9020148e-01
   8.0000000e+00   8.1882253e-01   1.8117747e-01
   8.1000000e+00   8.2763935e-01   1.7236065e-01
   8.2000000e+00   8.3375653e-01   1.6624347e-01
   8.3000000e+00   8.3654084e-01   1.6345916e-01
   8.4000000e+00   8.3445237e-01   1.6554763e-01
   8.5000000e+00   8.3336759e-01   1.6663241e-01
   8.6000000e+00   8.3474006e-01   1.6525994e-01
   8.7000000e+00   8.3521775e-01   1.6478225e-01
   8.8000000e+00   8.4469785e-01   1.5530215e-01
   8.9000000e+00   8.5801623e-01   1.4198377e-01
   9.0000000e+00   8.6574462e-01   1.3425538e-01
   9.1000000e+00   8.6836609e-01   1.3163391e-01
   9.2000000e+00   8.5558138e-01   1.4441862e-01
   9.3000000e+00   8.3066998e-01   1.6933002e-01
   9.4000000e+00   8.1348607e-01   1.8651393e-01
   9.5000000e+00   8.1070797e-01   1.8929203e-01
   9.6000000e+00   8.1566600e-01   1.8433400e-01
   9.7000000e+00   8.2859295e-01   1.7140705e-01
   9.8000000e+00   8.4341161e-01   1.5658839e-01
   9.9000000e+00   8.4861133e-01   1.5138867e-01
   1.0000000e+01   8.4376096e-01   1.5623904e-01
   1.0100000e+01   8.3545713e-01   1.6454287e-01
   1.0200000e+01   8.2816806e-01   1.7183194e-01
   1.0300000e+01   8.2660060e-01   1.7339940e-01
   1.0400000e+01   8.2699928e-01   1.7300072e-01
   1.0500000e+01   8.2725853e-01   1.7274147e-01
   1.0600000e+01   8.2090154e-01   1.7909846e-01
   1.0700000e+01   8.0697873e-01   1.9302127e-01
   1.0800000e+01   7.9530869e-01   2.0469131e-01
   1.0900000e+01   8.0243171e-01   1.9756829e-01
   1.1000000e+01   8.2125230e-01   1.7874770e-01
   1.1100000e+01   8.3752875e-01   1.6247125e-01
   1.1200000e+01   8.4634405e-01   1.5365595e-01
   1.1300000e+01   8.3996803e-01   1.6003197e-01
   1.1400000e+01   8.3270065e-01   1.6729935e-01
   1.1500000e+01   8.3358410e-01   1.6641590e-01
   1.1600000e+01   8.3752687e-01   1.6247313e-01
   1.1700000e+01   8.3794670e-01   1.6205330e-01
   1.1800000e+01   8.3191798e-01   1.6808202e-01
   1.1900000e+01   8.2903625e-01   1.7096375e-01
   1.2000000e+01   8.3520636e-01   1.6479364e-01
   1.2100000e+01   8.4567686e-01   1.5432314e-01
   1.2200000e+01   8.4863784e-01   1.5136216e-01
   1.2300000e+01   8.3879271e-01   1.6120729e-01
   1.2400000e+01   8.2428738e-01   1.7571262e-01
   1.2500000e+01   8.1781097e-01   1.8218903e-01
   1.2600000e+01   8.1892213e-01   1.8107787e-01
   1.2700000e+01   8.1744796e-01   1.8255204e-01
   1.2800000e+01   8.1451278e-01   1.8548722e-01
   1.2900000e+01   8.1089258e-01   1.8910742e-01
   1.3000000e+01   8.0455355e-01   1.9544645e-01
   1.3100000e+01   8.0280580e-01   1.9719420e-01
   1.3200000e+01   8.0541243e-01   1.9458757e-01
   1.3300000e+01   8.0466244e-01   1.9533756e-01
   1.3400000e+01   8.0245585e-01   1.9754415e-01
   1.3500000e+01   8.0609816e-01   1.9390184e-01
   1.3600000e+01   8.1266224e-01   1.8733776e-01
   1.3700000e+01   8.1461465e-01   1.8538535e-01
   1.3800000e+01   8.1168884e-01   1.8831116e-01
   1.3900000e+01   8.0532536e-01   1.9467464e-01
   1.4000000e+01   7.9451775e-01   2.0548225e-01
   1.4100000e+01   7.8604590e-01   2.1395410e-01
   1.4200000e+01   7.9004018e-01   2.0995982e-01
   1.4300000e+01   8.0589554e-01   1.9410446e-01
   1.4400000e+01   8.2358237e-01   1.7641763e-01
   1.4500000e+01   8.3412305e-01   1.6587695e-01
   1.4600000e+01   8.3532514e-01   1.6467486e-01
   1.4700000e+01   8.2977806e-01   1.7022194e-01
   1.4800000e+01   8.2474051e-01   1.7525949e-01
   1.4900000e+01   8.2635147e-01   1.7364853e-01
   1.5000000e+01   8.3747061e-01   1.6252939e-01
   1.5100000e+01   8.4963865e-01   1.5036135e-01
   1.5200000e+01   8.5508794e-01   1.4491206e-01
   1.5300000e+01   8.6025228e-01   1.3974772e-01
   1.5400000e+01   8.6322233e-01   1.3677767e-01
   1.5500000e+01   8.5743032e-01   1.4256968e-01
   1.5600000e+01   8.5115013e-01   1.4884987e-01
   1.5700000e+01   8.4886108e-01   1.5113892e-01
   1.5800000e+01   8.4047671e-01   1.5952329e-01
   1.5900000e+01   8.2817310e-01   1.7182690e-01
   1.6000000e+01   8.2078075e-01   1.7921925e-01
   1.6100000e+01   8.1936606e-01   1.8063394e-01
   1.6200000e+01   8.2454905e-01   1.7545095e-01
   1.6300000e+01   8.3241283e-01   1.6758717e-01
   1.6400000e+01   8.3998977e-01   1.6001023e-01
   1.6500000e+01   8.4097345e-01   1.5902655e-01
   1.6600000e+01   8.3724537e-01   1.6275463e-01
   1.6700000e+01   8.3737984e-01   1.6262016e-01
   1.6800000e+01   8.4298627e-01   1.5701373e-01
   1.6900000e+01   8.4624271e-01   1.5375729e-01
   1.7000000e+01   8.4436356e-01   1.5563644e-01
   1.7100000e+01   8.4283702e-01   1.5716298e-01
   1.7200000e+01   8.3848666e-01   1.6151334e-01
   1.7300000e+01   8.3459049e-01   1.6540951e-01
   1.7400000e+01   8.3294053e-01   1.6705947e-01
   1.7500000e+01   8.3204379e-01   1.6795621e-01
   1.7600000e+01   8.3605066e-01   1.6394934e-01
   1.7700000e+01   8.4752588e-01   1.5247412e-01
   1.7800000e+01   8.5590352e-01   1.4409648e-01
   1.7900000e+01   8.5780779e-01   1.4219221e-01
   1.8000000e+01   8.5130951e-01   1.4869049e-01
   1.8100000e+01   8.3843253e-01   1.6156747e-01
   1.8200000e+01   8.3525441e-01   1.6474559e-01
   1.8300000e+01   8.4091109e-01   1.5908891e-01
   1.8400000e+01   8.4924914e-01   1.5075086e-01
   1.8500000e+01   8.6051309e-01   1.3948691e-01
   1.8600000e+01   8.7091410e-01   1.2908590e-01
   1.8700000e+01   8.6884239e-01   1.3115761e-01
   1.8800000e+01   8.5847395e-01   1.4152605e-01
   1.8900000e+01   8.4697179e-01   1.5302821e-01
   1.9000000e+01   8.3865158e-01   1.6134842e-01
   1.9100000e+01   8.4244300e-01   1.5755700e-01
   1.9200000e+01   8.5226556e-01   1.4773444e-01
   1.9300000e+01   8.5246968e-01   1.4753032e-01
   1.9400000e+01   8.4506113e-01   1.5493887e-01
   1.9500000e+01   8.3833696e-01   1.6166304e-01
   1.9600000e+01   8.3256962e-01   1.6743038e-01
   1.9700000e+01   8.3315556e-01   1.6684444e-01
   1.9800000e+01   8.3162769e-01   1.6837231e-01
   1.9900000e+01   8.2647310e-01   1.7352690e-01
   2.0000000e+01   8.2987808e-01   1.7012192e-01
   2.0100000e+01   8.4324534e-01   1.5675466e-01
   2.0200000e+01   8.5024069e-01   1.4975931e-01
   2.0300000e+01   8.4932633e-01   1.5067367e-01
   2.0400000e+01   8.4340909e-01   1.5659091e-01
   2.0500000e+01   8.3452327e-01   1.6547673e-01
   2.0600000e+01   8.3259412e-01   1.6740588e-01
   2.0700000e+01   8.3469113e-01   1.6530887e-01
   2.0800000e+01   8.3318997e-01   1.6681003e-01
   2.0900000e+01   8.2813875e-01   1.7186125e-01
   2.1000000e+01   8.2644183e-01   1.7355817e-01
   2.1100000e+01   8.3069595e-01   1.6930405e-01
   2.1200000e+01   8.4092014e-01   1.5907986e-01
   2.1300000e+01   8.5170399e-01   1.4829601e-01
   2.1400000e+01   8.5470315e-01   1.4529685e-01
   2.1500000e+01   8.5064586e-01   1.4935414e-01
   2.1600000e+01   8.4423836e-01   1.5576164e-01
   2.1700000e+01   8.3438393e-01   1.6561607e-01
   2.1800000e+01   8.2615518e-01   1.7384482e-01
   2.1900000e+01   8.2559924e-01   1.7440076e-01
   2.2000000e+01   8.2738001e-01   1.7261999e-01
   2.2100000e+01   8.2992603e-01   1.7007397e-01
   2.2200000e+01   8.3280638e-01   1.6719362e-01
   2.2300000e+01   8.3400621e-01   1.6599379e-01
   2.2400000e+01   8.3557396e-01   1.6442604e-01
   2.2500000e+01   8.3717137e-01   1.6282863e-01
   2.2600000e+01   8.3643875e-01   1.6356125e-01
   2.2700000e+01   8.3477370e-01   1.6522630e-01
   2.2800000e+01   8.3064279e-01   1.6935721e-01
   2.2900000e+01   8.2988041e-01   1.7011959e-01
   2.3000000e+01   8.3900044e-01   1.6099956e-01
   2.3100000e+01   8.5000910e-01   1.4999090e-01
   2.3200000e+01   8.5712548e-01   1.4287452e-01
   2.3300000e+01   8.5811438e-01   1.4188562e-01
   2.3400000e+01   8.5048964e-01   1.4951036e-01
   2.3500000e+01   8.3690956e-01   1.6309044e-01
   2.3600000e+01   8.2511993e-01   1.7488007e-01
   2.3700000e+01   8.1490207e-01   1.8509793e-01
   2.3800000e+01   8.1055470e-01   1.8944530e-01
   2.3900000e+01   8.1881941e-01   1.8118059e-01
   2.4000000e+01   8.3378633e-01   1.6621367e-01
   2.4100000e+01   8.4641133e-01   1.5358867e-01
   2.4200000e+01   8.6002371e-01   1.3997629e-01
   2.4300000e+01   8.6411399e-01   1.3588601e-01
   2.4400000e+01   8.6066535e-01   1.3933465e-01
   2.4500000e+01   8.5840855e-01   1.4159145e-01
   2.4600000e+01   8.5969572e-01   1.4030428e-01
   2.4700000e+01   8.5641301e-01   1.4358699e-01
   2.4800000e+01   8.4923799e-01   1.5076201e-01
   2.4900000e+01   8.4439008e-01   1.5560992e-01
   2.5000000e+01   8.3650654e-01   1.6349346e-01
   2.5100000e+01   8.3309238e-01   1.6690762e-01
   2.5200000e+01   8.3957065e-01   1.6042935e-01
   2.5300000e+01   8.4931006e-01   1.5068994e-01
   2.5400000e+01   8.5652268e-01   1.4347732e-01
   2.5500000e+01   8.5721716e-01   1.4278284e-01
   2.5600000e+01   8.5453621e-01   1.4546379e-01
   2.5700000e+01   8.4676632e-01   1.5323368e-01
   2.5800000e+01   8.4113181e-01   1.5886819e-01
   2.5900000e+01   8.4272402e-01   1.5727598e-01
   2.6000000e+01   8.5021253e-01   1.4978747e-01
   2.6100000e+01   8.5890498e-01   1.4109502e-01
   2.6200000e+01   8.6381842e-01   1.3618158e-01
   2.6300000e+01   8.6426611e-01   1.3573389e-01
   2.6400000e+01   8.6075616e-01   1.3924384e-01
   2.6500000e+01   8.5849922e-01   1.4150078e-01
   2.6600000e+01   8.5404579e-01   1.4595421e-01
   2.6700000e+01   8.4692048e-01   1.5307952e-01
   2.6800000e+01   8.4076780e-01   1.5923220e-01
   2.6900000e+01   8.4065488e-01   1.5934512e-01
   2.7000000e+01   8.4496088e-01   1.5503912e-01
   2.7100000e+01   8.5169887e-01   1.4830113e-01
   2.7200000e+01   8.5345912e-01   1.4654088e-01
   2.7300000e+01   8.4911240e-01   1.5088760e-01
   2.7400000e+01   8.4547176e-01   1.5452824e-01
   2.7500000e+01   8.4958720e-01   1.5041280e-01
   2.7600000e+01   8.5655013e-01   1.4344987e-01
   2.7700000e+01   8.5793677e-01   1.4206323e-01
   2.7800000e+01   8.5783103e-01   1.4216897e-01
   2.7900000e+01   8.5919034e-01   1.4080966e-01
   2.8000000e+01   8.6182380e-01   1.3817620e-01
   2.8100000e+01   8.6829506e-01   1.3170494e-01
   2.8200000e+01   8.7216723e-01   1.2783277e-01
   2.8300000e+01   8.6633635e-01   1.3366365e-01
   2.8400000e+01   8.5250584e-01   1.4749416e-01
   2.8500000e+01   8.3886423e-01   1.6113577e-01
   2.8600000e+01   8.3311926e-01   1.6688074e-01
   2.8700000e+01   8.3811516e-01   1.6188484e-01
   2.8800000e+01   8.5188628e-01   1.4811372e-01
   2.8900000e+01   8.6635535e-01   1.3364465e-01
   2.9000000e+01   8.6920681e-01   1.3079319e-01
   2.9100000e+01   8.5963593e-01   1.4036407e-01
   2.9200000e+01   8.4686303e-01   1.5313697e-01
   2.9300000e+01   8.4334465e-01   1.5665535e-01
   2.9400000e+01   8.5211689e-01   1.4788311e-01
   2.9500000e+01   8.6614888e-01   1.3385112e-01
   2.9600000e+01   8.6911627e-01   1.3088373e-01
   2.9700000e+01   8.6114561e-01   1.3885439e-01
   2.9800000e+01   8.5019699e-01   1.4980301e-01
   2.9900000e+01   8.4034624e-01   1.5965376e-01
   3.0000000e+01   8.3824863e-01   1.6175137e-01
   3.0100000e+01   8.3891678e-01   1.6108322e-01
   3.0200000e+01   8.3478515e-01   1.6521485e-01
   3.0300000e+01   8.3230894e-01   1.6769106e-01
   3.0400000e+01   8.3707819e-01   1.6292181e-01
   3.0500000e+01   8.4222403e-01   1.5777597e-01
   3.0600000e+01   8.4488876e-01   1.5511124e-01
   3.0700000e+01   8.4752799e-01   1.5247201e-01
   3.0800000e+01   8.4678929e-01   1.5321071e-01
   3.0900000e+01   8.4207382e-01   1.5792618e-01
   3.1000000e+01   8.4109359e-01   1.5890641e-01
   3.1100000e+01   8.4391096e-01   1.5608904e-01
   3.1200000e+01   8.4419891e-01   1.5580109e-01
   3.1300000e+01   8.4910012e-01   1.5089988e-01
   3.1400000e+01   8.5597569e-01   1.4402431e-01
   3.1500000e+01   8.5634600e-01   1.4365400e-01
   3.1600000e+01   8.5660333e-01   1.4339667e-01
   3.1700000e+01   8.5947083e-01   1.4052917e-01
   3.1800000e+01   8.5886307e-01   1.4113693e-01
   3.1900000e+01   8.5869889e-01   1.4130111e-01
   3.2000000e+01   8.6007590e-01   1.3992410e-01
   3.2100000e+01   8.5653607e-01   1.4346393e-01
   3.2200000e+01   8.5425084e-01   1.4574916e-01
   3.2300000e+01   8.5244403e-01   1.4755597e-01
   3.2400000e+01   8.4255406e-01   1.5744594e-01
   3.2500000e+01   8.3025036e-01   1.6974964e-01
   3.2600000e+01   8.2229022e-01   1.7770978e-01
   3.2700000e+01   8.1918533e-01   1.8081467e-01
   3.2800000e+01   8.2619474e-01   1.7380526e-01
   3.2900000e+01   8.4003395e-01   1.5996605e-01
   3.3000000e+01   8.4329321e-01   1.5670679e-01
   3.3100000e+01   8.3398495e-01   1.6601505e-01
   3.3200000e+01   8.2287382e-01   1.7712618e-01
   3.3300000e+01   8.2077774e-01   1.7922226e-01
   3.3400000e+01   8.3188027e-01   1.6811973e-01
   3.3500000e+01   8.4765899e-01   1.5234101e-01
   3.3600000e+01   8.5292826e-01   1.4707174e-01
   3.3700000e+01   8.4802144e-01   1.5197856e-01
   3.3800000e+01   8.4324709e-01   1.5675291e-01
   3.3900000e+01   8.3603371e-01   1.6396629e-01
   3.4000000e+01   8.2746944e-01   1.7253056e-01
   3.4100000e+01   8.1787239e-01   1.8212761e-01
   3.4200000e+01   8.0692911e-01   1.9307089e-01
   3.4300000e+01   1.4408287e-01   8.5591713e-01
   3.4400000e+01   1.3899882e-01   8.6100118e-01
   3.4500000e+01   1.3610460e-01   8.6389540e-01
   3.4600000e+01   1.3521896e-01   8.6478104e-01
   3.4700000e+01   1.3687391e-01   8.6312609e-01
   3.4800000e+01   1.4280342e-01   8.5719658e-01
   3.4900000e+01   1.4658227e-01   8.5341773e-01
   3.5000000e+01   1.4229356e-01   8.5770644e-01
   3.5100000e+01   1.3204351e-01   8.6795649e-01
   3.5200000e+01   1.1607552e-01   8.8392448e-01
   3.5300000e+01   1.2029753e-01   8.7970247e-01
   3.5400000e+01   1.5804896e-01   8.4195104e-01
   3.5500000e+01   1.9906933e-01   8.0093067e-01
   3.5600000e+01   2.2726720e-01   7.7273280e-01
   3.5700000e+01   2.2610014e-01   7.7389986e-01
   3.5800000e+01   2.1514120e-01   7.8485880e-01
   3.5900000e+01   2.1034227e-01   7.8965773e-01
   3.6000000e+01   2.0474256e-01   7.9525744e-01
   3.6100000e+01   1.8960913e-01   8.1039087e-01
   3.6200000e+01   1.6026686e-01   8.3973314e-01
   3.6300000e+01   1.2708938e-01   8.7291062e-01
   3.6400000e+01   1.1255364e-01   8.8744636e-01
   3.6500000e+01   1.2548700e-01   8.7451300e-01
   3.6600000e+01   1.5926880e-01   8.4073120e-01
   3.6700000e+01   1.8557506e-01   8.1442494e-01
   3.6800000e+01   2.0802099e-01   7.9197901e-01
   3.6900000e+01   2.2120345e-01   7.7879655e-01
   3.7000000e+01   2.2073643e-01   7.7926357e-01
   3.7100000e+01   2.0969795e-01   7.9030205e-01
   3.7200000e+01   1.9276741e-01   8.0723259e-01
   3.7300000e+01   1.5835320e-01   8.4164680e-01
   3.7400000e+01   1.3518521e-01   8.6481479e-01
   3.7500000e+01   1.3187643e-01   8.6812357e-01
   3.7600000e+01   1.5139417e-01   8.4860583e-01
   3.7700000e+01   1.8637049e-01   8.1362951e-01
   3.7800000e+01   2.1064913e-01   7.8935087e-01
   3.7900000e+01   2.0514993e-01   7.9485007e-01
   3.8000000e+01   1.8691272e-01   8.1308728e-01
   3.8100000e+01   1.7445369e-01   8.2554631e-01
   3.8200000e+01   1.6567050e-01   8.3432950e-01
   3.8300000e+01   1.8544580e-01   8.1455420e-01
   3.8400000e+01   2.1632494e-01   7.8367506e-01
   3.8500000e+01   2.3641133e-01   7.6358867e-01
   3.8600000e+01   2.3594695e-01   7.6405305e-01
   3.8700000e+01   2.2269586e-01   7.7730414e-01
   3.8800000e+01   2.0477629e-01   7.9522371e-01
   3.8900000e+01   1.9692652e-01   8.0307348e-01
   3.9000000e+01   1.9900904e-01   8.0099096e-01
   3.9100000e+01   1.9928488e-01   8.0071512e-01
   3.9200000e+01   1.9801500e-01   8.0198500e-01
   3.9300000e+01   1.9694427e-01   8.0305573e-01
   3.9400000e+01   1.9291907e-01   8.0708093e-01
   3.9500000e+01   1.8566550e-01   8.1433450e-01
   3.9600000e+01   1.7805814e-01   8.2194186e-01
   3.9700000e+01   1.7108679e-01   8.2891321e-01
   3.9800000e+01   1.6236566e-01   8.3763434e-01
   3.9900000e+01   1.6214811e-01   8.3785189e-01
   4.0000000e+01   1.7900964e-01   8.2099036e-01
   4.0100000e+01   1.9568648e-01   8.0431352e-01
   4.0200000e+01   2.0883103e-01   7.9116897e-01
   4.0300000e+01   2.0848111e-01   7.9151889e-01
   4.0400000e+01   1.8837593e-01   8.1162407e-01
   4.0500000e+01   1.4971156e-01   8.5028844e-01
   4.0600000e+01   1.4403062e-01   8.5596938e-01
   4.0700000e+01   1.6367008e-01   8.3632992e-01
   4.0800000e+01   1.8111108e-01   8.1888892e-01
   4.0900000e+01   1.8651142e-01   8.1348858e-01
   4.1000000e+01   1.7881485e-01   8.2118515e-01
   4.1100000e+01   1.7374579e-01   8.2625421e-01
   4.1200000e+01   1.8563613e-01   8.1436387e-01
   4.1300000e+01   2.1261051e-01   7.8738949e-01
   4.1400000e+01   2.4133696e-01   7.5866304e-01
   4.1500000e+01   2.4806172e-01   7.5193828e-01
   4.1600000e+01   2.3038680e-01   7.6961320e-01
   4.1700000e+01   1.9888161e-01   8.0111839e-01
   4.1800000e+01   1.6649011e-01   8.3350989e-01
   4.1900000e+01   1.6568791e-01   8.3431209e-01
   4.2000000e+01   1.7846608e-01   8.2153392e-01
   4.2100000e+01   2.0133181e-01   7.9866819e-01
   4.2200000e+01   2.1782796e-01   7.8217204e-01
   4.2300000e+01   2.0879902e-01   7.9120098e-01
   4.2400000e+01   2.0006121e-01   7.9993879e-01
   4.2500000e+01   1.9870741e-01   8.0129259e-01
   4.2600000e+01   1.9913703e-01   8.0086297e-01
   4.2700000e+01   2.0135060e-01   7.9864940e-01
   4.2800000e+01   2.0599993e-01   7.9400007e-01
   4.2900000e+01   2.2154774e-01   7.7845226e-01
   4.3000000e+01   2.4460289e-01   7.5539711e-01
   4.3100000e+01   2.7580457e-01   7.2419543e-01
   4.3200000e+01   3.1579686e-01   6.8420314e-01
   4.3300000e+01   8.6914163e-01   1.3085837e-01
   4.3400000e+01   8.6189238e-01   1.3810762e-01
   4.3500000e+01   8.5479090e-01   1.4520910e-01
   4.3600000e+01   8.4841539e-01   1.5158461e-01
   4.3700000e+01   8.4264908e-01   1.5735092e-01
   4.3800000e+01   8.3462498e-01   1.6537502e-01
   4.3900000e+01   8.3786177e-01   1.6213823e-01
   4.4000000e+01   8.4230018e-01   1.5769982e-01
   4.4100000e+01   8.3993604e-01   1.6006396e-01
   4.4200000e+01   8.3033424e-01   1.6966576e-01
   4.4300000e+01   8.2101815e-01   1.7898185e-01
   4.4400000e+01   8.2024467e-01   1.7975533e-01
   4.4500000e+01   8.2786885e-01   1.7213115e-01
   4.4600000e+01   8.3981783e-01   1.6018217e-01
   4.4700000e+01   8.4385599e-01   1.5614401e-01
   4.4800000e+01   8.3814222e-01   1.6185778e-01
   4.4900000e+01   8.3645552e-01   1.6354448e-01
   4.5000000e+01   8.4064791e-01   1.5935209e-01
   4.5100000e+01   8.4403887e-01   1.5596113e-01
   4.5200000e+01   8.4842463e-01   1.5157537e-01
   4.5300000e+01   8.4807319e-01   1.5192681e-01
   4.5400000e+01   8.3874025e-01   1.6125975e-01
   4.5500000e+01   8.3208443e-01   1.6791557e-01
   4.5600000e+01   8.2864539e-01   1.7135461e-01
   4.5700000e+01   8.2805197e-01   1.7194803e-01
   4.5800000e+01   8.3700456e-01   1.6299544e-01
   4.5900000e+01   8.5046716e-01   1.4953284e-01
   4.6000000e+01   8.5912122e-01   1.4087878e-01
   4.6100000e+01   8.6103830e-01   1.3896170e-01
   4.6200000e+01   8.5555150e-01   1.4444850e-01
   4.6300000e+01   8.4464284e-01   1.5535716e-01
   4.6400000e+01   8.4022931e-01   1.5977069e-01
   4.6500000e+01   8.4282026e-01   1.5717974e-01
   4.6600000e+01   8.4227242e-01   1.5772758e-01
   4.6700000e+01   8.3822436e-01   1.6177564e-01
   4.6800000e+01   8.3249108e-01   1.6750892e-01
   4.6900000e+01   8.2657039e-01   1.7342961e-01
   4.7000000e+01   8.2609855e-01   1.7390145e-01
   4.7100000e+01   8.3253339e-01   1.6746661e-01
   4.7200000e+01   8.3672496e-01   1.6327504e-01
   4.7300000e+01   8.3556674e-01   1.6443326e-01
   4.7400000e+01   8.3561031e-01   1.6438969e-01
   4.7500000e+01   8.3230297e-01   1.6769703e-01
   4.7600000e+01   8.2311469e-01   1.7688531e-01
   4.7700000e+01   8.1524357e-01   1.8475643e-01
   4.7800000e+01   8.1440263e-01   1.8559737e-01
   4.7900000e+01   8.2071444e-01   1.7928556e-01
   4.8000000e+01   8.2907731e-01   1.7092269e-01
   4.8100000e+01   8.4064252e-01   1.5935748e-01
   4.8200000e+01   8.4935352e-01   1.5064648e-01
   4.8300000e+01   8.5207145e-01   1.4792855e-01
   4.8400000e+01   8.5219653e-01   1.4780347e-01
   4.8500000e+01   8.5173973e-01   1.4826027e-01
   4.8600000e+01   8.4940762e-01   1.5059238e-01
   4.8700000e+01   8.5225677e-01   1.4774323e-01
   4.8800000e+01   8.5879529e-01   1.4120471e-01
   4.8900000e+01   8.5943447e-01   1.4056553e-01
   4.9000000e+01   8.5582563e-01   1.4417437e-01
   4.9100000e+01   8.4511814e-01   1.5488186e-01
   4.9200000e+01   8.3443333e-01   1.6556667e-01
   4.9300000e+01   8.3330824e-01   1.6669176e-01
   4.9400000e+01   8.3930930e-01   1.6069070e-01
   4.9500000e+01   8.4633549e-01   1.5366451e-01
   4.9600000e+01   8.5365384e-01   1.4634616e-01
   4.9700000e+01   8.5503479e-01   1.4496521e-01
   4.9800000e+01   8.5093277e-01   1.4906723e-01
   4.9900000e+01   8.4507791e-01   1.5492209e-01
   5.0000000e+01   8.4139193e-01   1.5860807e-01
   5.0100000e+01   8.4394408e-01   1.5605592e-01
   5.0200000e+01   8.5046265e-01   1.4953735e-01
   5.0300000e+01   8.5575163e-01   1.4424837e-01
   5.0400000e+01   8.5809487e-01   1.4190513e-01
   5.0500000e+01   8.5722943e-01   1.4277057e-01
   5.0600000e+01   8.5328296e-01   1.4671704e-01
   5.0700000e+01   8.5208255e-01   1.4791745e-01
   5.0800000e+01   8.5457272e-01   1.4542728e-01
   5.0900000e+01   8.5881244e-01   1.4118756e-01
   5.1000000e+01   8.6284166e-01   1.3715834e-01
   5.1100000e+01   8.6307452e-01   1.3692548e-01
   5.1200000e+01   8.6266953e-01   1.3733047e-01
   5.1300000e+01   8.5772434e-01   1.4227566e-01
   5.1400000e+01   8.4853830e-01   1.5146170e-01
   5.1500000e+01   8.3992041e-01   1.6007959e-01
   5.1600000e+01   8.3428539e-01   1.6571461e-01
   5.1700000e+01   8.3680101e-01   1.6319899e-01
   5.1800000e+01   8.4648384e-01   1.5351616e-01
   5.1900000e+01   8.6144319e-01   1.3855681e-01
   5.2000000e+01   8.7262366e-01   1.2737634e-01
   5.2100000e+01   8.7625902e-01   1.2374098e-01
   5.2200000e+01   8.7392623e-01   1.2607377e-01
   5.2300000e+01   8.7025799e-01   1.2974201e-01
   5.2400000e+01   8.6868537e-01   1.3131463e-01
   5.2500000e+01   8.6788916e-01   1.3211084e-01
   5.2600000e+01   8.6792325e-01   1.3207675e-01
   5.2700000e+01   8.6549024e-01   1.3450976e-01
   5.2800000e+01   8.5885859e-01   1.4114141e-01
   5.2900000e+01   8.5113055e-01   1.4886945e-01
   5.3000000e+01   8.4604719e-01   1.5395281e-01
   5.3100000e+01   8.4479047e-01   1.5520953e-01
   5.3200000e+01   8.4894130e-01   1.5105870e-01
   5.3300000e+01   8.5565096e-01   1.4434904e-01
   5.3400000e+01   8.5738778e-01   1.4261222e-01
   5.3500000e+01   8.5676941e-01   1.4323059e-01
   5.3600000e+01   8.5406791e-01   1.4593209e-01
   5.3700000e+01   8.4783049e-01   1.5216951e-01
   5.3800000e+01   8.4688500e-01   1.5311500e-01
   5.3900000e+01   8.4803196e-01   1.5196804e-01
   5.4000000e+01   8.4130197e-01   1.5869803e-01
   5.4100000e+01   8.3326565e-01   1.6673435e-01
   5.4200000e+01   8.3352048e-01   1.6647952e-01
   5.4300000e+01   8.4075373e-01   1.5924627e-01
   5.4400000e+01   8.5739595e-01   1.4260405e-01
   5.4500000e+01   8.7212494e-01   1.2787506e-01
   5.4600000e+01   8.7532063e-01   1.2467937e-01
   5.4700000e+01   8.6568179e-01   1.3431821e-01
   5.4800000e+01   8.5755768e-01   1.4244232e-01
   5.4900000e+01   8.5313214e-01   1.4686786e-01
   5.5000000e+01   8.5225223e-01   1.4774777e-01
   5.5100000e+01   8.5167241e-01   1.4832759e-01
   5.5200000e+01   8.4630334e-01   1.5369666e-01
   5.5300000e+01   8.4025379e-01   1.5974621e-01
   5.5400000e+01   8.4197308e-01   1.5802692e-01
   5.5500000e+01   8.4951855e-01   1.5048145e-01
   5.5600000e+01   8.5786463e-01   1.4213537e-01
   5.5700000e+01   8.6270704e-01   1.3729296e-01
   5.5800000e+01   8.5339916e-01   1.4660084e-01
   5.5900000e+01   8.3397952e-01   1.6602048e-01
   5.6000000e+01   8.1946341e-01   1.8053659e-01
   5.6100000e+01   8.1710111e-01   1.8289889e-01
   5.6200000e+01   8.2470110e-01   1.7529890e-01
   5.6300000e+01   8.3863148e-01   1.6136852e-01
   5.6400000e+01   8.4567936e-01   1.5432064e-01
   5.6500000e+01   8.4607488e-01   1.5392512e-01
   5.6600000e+01   8.5158871e-01   1.4841129e-01
   5.6700000e+01   8.5879778e-01   1.4120222e-01
   5.6800000e+01   8.6165744e-01   1.3834256e-01
   5.6900000e+01   8.6341174e-01   1.3658826e-01
   5.7000000e+01   8.6452700e-01   1.3547300e-01
   5.7100000e+01   8.6353047e-01   1.3646953e-01
   5.7200000e+01   8.6209291e-01   1.3790709e-01
   5.7300000e+01   8.5915360e-01   1.4084640e-01
   5.7400000e+01   8.5670688e-01   1.4329312e-01
   5.7500000e+01   8.5612730e-01   1.4387270e-01
   5.7600000e+01   8.5653448e-01   1.4346552e-01
   5.7700000e+01   8.5421996e-01   1.4578004e-01
   5.7800000e+01   8.5225074e-01   1.4774926e-01
   5.7900000e+01   8.5286512e-01   1.4713488e-01
   5.8000000e+01   8.5330335e-01   1.4669665e-01
   5.8100000e+01   8.5357658e-01   1.4642342e-01
   5.8200000e+01   8.5358653e-01   1.4641347e-01
   5.8300000e+01   8.4968539e-01   1.5031461e-01
   5.8400000e+01   8.4590331e-01   1.5409669e-01
   5.8500000e+01   8.4636490e-01   1.5363510e-01
   5.8600000e+01   8.4626220e-01   1.5373780e-01
   5.8700000e+01   8.4599408e-01   1.5400592e-01
   5.8800000e+01   8.4970853e-01   1.5029147e-01
   5.8900000e+01   8.5069933e-01   1.4930067e-01
   5.9000000e+01   8.4508673e-01   1.5491327e-01
   5.9100000e+01   8.4010534e-01   1.5989466e-01
   5.9200000e+01   8.3868453e-01   1.6131547e-01
   5.9300000e+01   8.4139051e-01   1.5860949e-01
   5.9400000e+01   8.5433418e-01   1.4566582e-01
   5.9500000e+01   8.6500979e-01   1.3499021e-01
   5.9600000e+01   8.6682074e-01   1.3317926e-01
   5.9700000e+01   8.6301800e-01   1.3698200e-01
   5.9800000e+01   8.5949797e-01   1.4050203e-01
   5.9900000e+01   8.5276644e-01   1.4723356e-01
   6.0000000e+01   8.4579948e-01   1.5420052e-01
   6.0100000e+01   8.4261251e-01   1.5738749e-01
   6.0200000e+01   8.4665066e-01   1.5334934e-01
   6.0300000e+01   8.5642090e-01   1.4357910e-01
   6.0400000e+01   8.6459807e-01   1.3540193e-01
   6.0500000e+01   8.6797730e-01   1.3202270e-01
   6.0600000e+01   8.6259885e-01   1.3740115e-01
   6.0700000e+01   8.5102507e-01   1.4897493e-01
   6.0800000e+01   8.4417030e-01   1.5582970e-01
   6.0900000e+01   8.4461553e-01   1.5538447e-01
   6.1000000e+01   8.4880472e-01   1.5119528e-01
   6.1100000e+01   8.5815579e-01   1.4184421e-01
   6.1200000e+01   8.7081339e-01   1.2918661e-01
   6.1300000e+01   8.7590600e-01   1.2409400e-01
   6.1400000e+01   8.6845230e-01   1.3154770e-01
   6.1500000e+01   8.5620233e-01   1.4379767e-01
   6.1600000e+01   8.4507999e-01   1.5492001e-01
   6.1700000e+01   8.4457883e-01   1.5542117e-01
   6.1800000e+01   8.5029627e-01   1.4970373e-01
   6.1900000e+01   8.5445558e-01   1.4554442e-01
   6.2000000e+01   8.5381426e-01   1.4618574e-01
   6.2100000e+01   8.5120766e-01   1.4879234e-01
   6.2200000e+01   8.5104636e-01   1.4895364e-01
   6.2300000e+01   8.5703915e-01   1.4296085e-01
   6.2400000e+01   8.6520413e-01   1.3479587e-01
   6.2500000e+01   8.6523718e-01   1.3476282e-01
   6.2600000e+01   8.5309636e-01   1.4690364e-01
   6.2700000e+01   8.4449907e-01   1.5550093e-01
   6.2800000e+01   8.4161320e-01   1.5838680e-01
   6.2900000e+01   8.4497608e-01   1.5502392e-01
   6.3000000e+01   8.5526351e-01   1.4473649e-01
   6.3100000e+01   8.6444480e-01   1.3555520e-01
   6.3200000e+01   8.6450862e-01   1.3549138e-01
   6.3300000e+01   8.5735688e-01   1.4264312e-01
   6.3400000e+01   8.5033496e-01   1.4966504e-01
   6.3500000e+01   8.4930127e-01   1.5069873e-01
   6.3600000e+01   8.5511296e-01   1.4488704e-01
   6.3700000e+01   8.6132169e-01   1.3867831e-01
   6.3800000e+01   8.6214773e-01   1.3785227e-01
   6.3900000e+01   8.5999165e-01   1.4000835e-01
   6.4000000e+01   8.5608624e-01   1.4391376e-01
   6.4100000e+01   8.5079431e-01   1.4920569e-01
   6.4200000e+01   8.4820828e-01   1.5179172e-01
   6.4300000e+01   8.4952661e-01   1.5047339e-01
   6.4400000e+01   8.4871486e-01   1.5128514e-01
   6.4500000e+01   8.4783237e-01   1.5216763e-01
   6.4600000e+01   8.5146797e-01   1.4853203e-01
   6.4700000e+01   8.5343537e-01   1.4656463e-01
   6.4800000e+01   8.4924773e-01   1.5075227e-01
   6.4900000e+01   8.4724635e-01   1.5275365e-01
   6.5000000e+01   8.4632541e-01   1.5367459e-01
   6.5100000e+01   8.4079308e-01   1.5920692e-01
   6.5200000e+01   8.4053066e-01   1.5946934e-01
   6.5300000e+01   8.4913469e-01   1.5086531e-01
   6.5400000e+01   8.5418053e-01   1.4581947e-01
   6.5500000e+01   8.5246549e-01   1.4753451e-01
   6.5600000e+01   8.4931788e-01   1.5068212e-01
   6.5700000e+01   8.4449132e-01   1.5550868e-01
   6.5800000e+01   8.4048613e-01   1.5951387e-01
   6.5900000e+01   8.4002525e-01   1.5997475e-01
   6.6000000e+01   8.3887717e-01   1.6112283e-01
   6.6100000e+01   8.4047412e-01   1.5952588e-01
   6.6200000e+01   8.4712069e-01   1.5287931e-01
   6.6300000e+01   8.5318343e-01   1.4681657e-01
   6.6400000e+01   8.5542118e-01   1.4457882e-01
   6.6500000e+01   8.5376893e-01   1.4623107e-01
   6.6600000e+01   8.4542406e-01   1.5457594e-01
   6.6700000e+01   8.3539533e-01   1.6460467e-01
   6.6800000e+01   8.3132302e-01   1.6867698e-01
   6.6900000e+01   8.2978892e-01   1.7021108e-01
   6.7000000e+01   8.2790936e-01   1.7209064e-01
   6.7100000e+01   8.2954884e-01   1.7045116e-01
   6.7200000e+01   8.3161494e-01   1.6838506e-01
   6.7300000e+01   8.3100762e-01   1.6899238e-01
   6.7400000e+01   8.3327824e-01   1.6672176e-01
   6.7500000e+01   8.4262512e-01   1.5737488e-01
   6.7600000e+01   8.5100760e-01   1.4899240e-01
   6.7700000e+01   8.5504916e-01   1.4495084e-01
   6.7800000e+01   8.5164798e-01   1.4835202e-01
   6.7900000e+01   8.4252238e-01   1.5747762e-01
   6.8000000e+01   8.3593129e-01   1.6406871e-01
   6.8100000e+01   8.4032508e-01   1.5967492e-01
   6.8200000e+01   8.4637977e-01   1.5362023e-01
   6.8300000e+01   8.5024591e-01   1.4975409e-01
   6.8400000e+01   8.5073340e-01   1.4926660e-01
   6.8500000e+01   8.4778761e-01   1.5221239e-01
   6.8600000e+01   8.4777108e-01   1.5222892e-01
   6.8700000e+01   8.5506321e-01   1.4493679e-01
   6.8800000e+01   8.6259897e-01   1.3740103e-01
   6.8900000e+01   8.6360724e-01   1.3639276e-01
   6.9000000e+01   8.6006283e-01   1.3993717e-01
   6.9100000e+01   8.5430898e-01   1.4569102e-01
   6.9200000e+01   8.4408563e-01   1.5591437e-01
   6.9300000e+01   8.3174165e-01   1.6825835e-01
   6.9400000e+01   8.2953746e-01   1.7046254e-01
   6.9500000e+01   8.3700706e-01   1.6299294e-01
   6.9600000e+01   8.4621700e-01   1.5378300e-01
   6.9700000e+01   8.5127414e-01   1.4872586e-01
   6.9800000e+01   8.5010347e-01   1.4989653e-01
   6.9900000e+01   8.4585892e-01   1.5414108e-01
   7.0000000e+01   8.4498074e-01   1.5501926e-01
   7.0100000e+01   8.4660576e-01   1.5339424e-01
   7.0200000e+01   8.4608521e-01   1.5391479e-01
   7.0300000e+01   8.4523484e-01   1.5476516e-01
   7.0400000e+01   8.4495244e-01   1.5504756e-01
   7.0500000e+01   8.4977178e-01   1.5022822e-01
   7.0600000e+01   8.5982190e-01   1.4017810e-01
   7.0700000e+01   8.6787591e-01   1.3212409e-01
   7.0800000e+01   8.6673587e-01   1.3326413e-01
   7.0900000e+01   8.5826024e-01   1.4173976e-01
   7.1000000e+01   8.4672831e-01   1.5327169e-01
   7.1100000e+01   8.4093624e-01   1.5906376e-01
   7.1200000e+01   8.4277426e-01   1.5722574e-01
   7.1300000e+01   8.4477117e-01   1.5522883e-01
   7.1400000e+01   8.3798304e-01   1.6201696e-01
   7.1500000e+01   8.2526205e-01   1.7473795e-01
   7.1600000e+01   8.1152515e-01   1.8847485e-01
   7.1700000e+01   8.1031595e-01   1.8968405e-01
   7.1800000e+01   8.2163109e-01   1.7836891e-01
   7.1900000e+01   8.2736659e-01   1.7263341e-01
   7.2000000e+01   8.3122310e-01   1.6877690e-01
   7.2100000e+01   8.3526167e-01   1.6473833e-01
   7.2200000e+01   8.3450489e-01   1.6549511e-01
   7.2300000e+01   8.3030212e-01   1.6969788e-01
   7.2400000e+01   8.2253467e-01   1.7746533e-01
   7.2500000e+01   8.0835101e-01   1.9164899e-01
   7.2600000e+01   8.0109160e-01   1.9890840e-01
   7.2700000e+01   8.0625527e-01   1.9374473e-01
   7.2800000e+01   8.1241845e-01   1.8758155e-01
   7.2900000e+01   8.1934700e-01   1.8065300e-01
   7.3000000e+01   8.2677029e-01   1.7322971e-01
   7.3100000e+01   8.2786791e-01   1.7213209e-01
   7.3200000e+01   8.2850696e-01   1.7149304e-01
   7.3300000e+01   8.3277409e-01   1.6722591e-01
   7.3400000e+01   8.3630853e-01   1.6369147e-01
   7.3500000e+01   8.3812501e-01   1.6187499e-01
   7.3600000e+01   8.3796136e-01   1.6203864e-01
   7.3700000e+01   8.3358938e-01   1.6641062e-01
   7.3800000e+01   8.2513378e-01   1.7486622e-01
   7.3900000e+01   8.1658156e-01   1.8341844e-01
   7.4000000e+01   8.1194157e-01   1.8805843e-01
   7.4100000e+01   8.1320815e-01   1.8679185e-01
   7.4200000e+01   8.1682043e-01   1.8317957e-01
   7.4300000e+01   8.1959949e-01   1.8040051e-01
   7.4400000e+01   8.2261860e-01   1.7738140e-01
   7.4500000e+01   8.2506554e-01   1.7493446e-01
   7.4600000e+01   8.2577870e-01   1.7422130e-01
   7.4700000e+01   8.2363054e-01   1.7636946e-01
   7.4800000e+01   8.2370047e-01   1.7629953e-01
   7.4900000e+01   8.2833815e-01   1.7166185e-01
   7.5000000e+01   8.3958213e-01   1.6041787e-01
   7.5100000e+01   8.5139242e-01   1.4860758e-01
   7.5200000e+01   8.5230042e-01   1.4769958e-01
   7.5300000e+01   8.4086735e-01   1.5913265e-01
   7.5400000e+01   8.2698884e-01   1.7301116e-01
   7.5500000e+01   8.2339102e-01   1.7660898e-01
   7.5600000e+01   8.2757838e-01   1.7242162e-01
   7.5700000e+01   8.3055238e-01   1.6944762e-01
   7.5800000e+01   8.2516639e-01   1.7483361e-01
   7.5900000e+01   8.1783368e-01   1.8216632e-01
   7.6000000e+01   8.1443966e-01   1.8556034e-01
   7.6100000e+01   8.1343130e-01   1.8656870e-01
   7.6200000e+01   8.1542095e-01   1.8457905e-01
   7.6300000e+01   8.1430628e-01   1.8569372e-01
   7.6400000e+01   8.0893916e-01   1.9106084e-01
   7.6500000e+01   8.1245855e-01   1.8754145e-01
   7.6600000e+01   8.2240140e-01   1.7759860e-01
   7.6700000e+01   8.2725412e-01   1.7274588e-01
   7.6800000e+01   8.2549412e-01   1.7450588e-01
   7.6900000e+01   8.1904150e-01   1.8095850e-01
   7.7000000e+01   8.0495899e-01   1.9504101e-01
   7.7100000e+01   7.9740691e-01   2.0259309e-01
   7.7200000e+01   7.9746824e-01   2.0253176e-01
   7.7300000e+01   8.0138333e-01   1.9861667e-01
   7.7400000e+01   8.0764837e-01   1.9235163e-01
   7.7500000e+01   8.1260151e-01   1.8739849e-01
   7.7600000e+01   8.1736397e-01   1.8263603e-01
   7.7700000e+01   8.2211589e-01   1.7788411e-01
   7.7800000e+01   8.1991842e-01   1.8008158e-01
   7.7900000e+01   8.1241290e-01   1.8758710e-01
   7.8000000e+01   8.0363503e-01   1.9636497e-01
   7.8100000e+01   7.9362497e-01   2.0637503e-01
   7.8200000e+01   7.8936751e-01   2.1063249e-01
   7.8300000e+01   7.9589622e-01   2.0410378e-01
   7.8400000e+01   8.0498015e-01   1.9501985e-01
   7.8500000e+01   8.0726306e-01   1.9273694e-01
   7.8600000e+01   8.0349354e-01   1.9650646e-01
   7.8700000e+01   7.9750379e-01   2.0249621e-01
   7.8800000e+01   7.9562794e-01   2.0437206e-01
   7.8900000e+01   8.0021076e-01   1.9978924e-01
   7.9000000e+01   8.0610483e-01   1.9389517e-01
   7.9100000e+01   8.0872087e-01   1.9127913e-01
   7.9200000e+01   8.0608285e-01   1.9391715e-01
   7.9300000e+01   8.0085632e-01   1.9914368e-01
   7.9400000e+01   7.9672633e-01   2.0327367e-01
   7.9500000e+01   7.9624277e-01   2.0375723e-01
   7.9600000e+01   7.9758988e-01   2.0241012e-01
   7.9700000e+01   7.9821414e-01   2.0178586e-01
   7.9800000e+01   8.0319663e-01   1.9680337e-01
   7.9900000e+01   8.1091253e-01   1.8908747e-01
   8.0000000e+01   8.1809922e-01   1.8190078e-01
   8.0100000e+01   8.2428805e-01   1.7571195e-01
   8.0200000e+01   8.2266806e-01   1.7733194e-01
   8.0300000e+01   8.1159848e-01   1.8840152e-01
   8.0400000e+01   8.0044983e-01   1.9955017e-01
   8.0500000e+01   7.9327850e-01   2.0672150e-01
   8.0600000e+01   7.8835415e-01   2.1164585e-01
   8.0700000e+01   7.8889438e-01   2.1110562e-01
   8.0800000e+01   7.9218478e-01   2.0781522e-01
   8.0900000e+01   7.9378216e-01   2.0621784e-01
   8.1000000e+01   8.0198811e-01   1.9801189e-01
   8.1100000e+01   8.0962523e-01   1.9037477e-01
   8.1200000e+01   8.1191499e-01   1.8808501e-01
   8.1300000e+01   8.1064892e-01   1.8935108e-01
   8.1400000e+01   8.0853686e-01   1.9146314e-01
   8.1500000e+01   8.0641969e-01   1.9358031e-01
   8.1600000e+01   8.0680729e-01   1.9319271e-01
   8.1700000e+01   8.1063030e-01   1.8936970e-01
   8.1800000e+01   8.1419341e-01   1.8580659e-01
   8.1900000e+01   8.1920296e-01   1.8079704e-01
   8.2000000e+01   8.2299847e-01   1.7700153e-01
   8.2100000e+01   8.2126665e-01   1.7873335e-01
   8.2200000e+01   8.1408480e-01   1.8591520e-01
   8.2300000e+01   8.0028568e-01   1.9971432e-01
   8.2400000e+01   7.8752373e-01   2.1247627e-01
   8.2500000e+01   7.8184865e-01   2.1815135e-01
   8.2600000e+01   7.9070266e-01   2.0929734e-01
   8.2700000e+01   8.0819410e-01   1.9180590e-01
   8.2800000e+01   8.1885023e-01   1.8114977e-01
   8.2900000e+01   8.2199678e-01   1.7800322e-01
   8.3000000e+01   8.1888111e-01   1.8111889e-01
   8.3100000e+01   8.1464608e-01   1.8535392e-01
   8.3200000e+01   8.1087483e-01   1.8912517e-01
   8.3300000e+01   8.0964256e-01   1.9035744e-01
   8.3400000e+01   8.1033230e-01   1.8966770e-01
   8.3500000e+01   8.1031680e-01   1.8968320e-01
   8.3600000e+01   8.1199361e-01   1.8800639e-01
   8.3700000e+01   8.1263686e-01   1.8736314e-01
   8.3800000e+01   8.1143169e-01   1.8856831e-01
   8.3900000e+01   8.1080083e-01   1.8919917e-01
   8.4000000e+01   8.0971056e-01   1.9028944e-01
   8.4100000e+01   8.1203508e-01   1.8796492e-01
   8.4200000e+01   8.1571088e-01   1.8428912e-01
   8.4300000e+01   8.1436284e-01   1.8563716e-01
   8.4400000e+01   8.0291894e-01   1.9708106e-01
   8.4500000e+01   7.9663514e-01   2.0336486e-01
   8.4600000e+01   7.9800786e-01   2.0199214e-01
   8.4700000e+01   8.0954672e-01   1.9045328e-01
   8.4800000e+01   8.2500380e-01   1.7499620e-01
   8.4900000e+01   8.2427247e-01   1.7572753e-01
   8.5000000e+01   8.1154606e-01   1.8845394e-01
   8.5100000e+01   8.0005921e-01   1.9994079e-01
   8.5200000e+01   8.0065046e-01   1.9934954e-01
   8.5300000e+01   8.0313079e-01   1.9686921e-01
   8.5400000e+01   8.0939447e-01   1.9060553e-01
   8.5500000e+01   8.1182791e-01   1.8817209e-01
   8.5600000e+01   8.0927388e-01   1.9072612e-01
   8.5700000e+01   8.1078217e-01   1.8921783e-01
   8.5800000e+01   8.1103002e-01   1.8896998e-01
   8.5900000e+01   8.0634305e-01   1.9365695e-01
   8.6000000e+01   7.9976907e-01   2.0023093e-01
   8.6100000e+01   7.9245140e-01   2.0754860e-01
   8.6200000e+01   7.8948722e-01   2.1051278e-01
   8.6300000e+01   7.9649297e-01   2.0350703e-01
   8.6400000e+01   8.0474545e-01   1.9525455e-01
   8.6500000e+01   8.1069345e-01   1.8930655e-01
   8.6600000e+01   8.1367113e-01   1.8632887e-01
   8.6700000e+01   8.1110405e-01   1.8889595e-01
   8.6800000e+01   8.0801741e-01   1.9198259e-01
   8.6900000e+01   8.0823541e-01   1.9176459e-01
   8.7000000e+01   8.0981527e-01   1.9018473e-01
   8.7100000e+01   8.1301342e-01   1.8698658e-01
   8.7200000e+01   8.1929560e-01   1.8070440e-01
   8.7300000e+01   8.2225025e-01   1.7774975e-01
   8.7400000e+01   8.1638776e-01   1.8361224e-01
   8.7500000e+01   8.0294643e-01   1.9705357e-01
   8.7600000e+01   7.8928195e-01   2.1071805e-01
   8.7700000e+01   7.8359841e-01   2.1640159e-01
   8.7800000e+01   7.8804808e-01   2.1195192e-01
   8.7900000e+01   7.9826547e-01   2.0173453e-01
   8.8000000e+01   8.0416435e-01   1.9583565e-01
   8.8100000e+01   8.0452366e-01   1.9547634e-01
   8.8200000e+01   8.0197738e-01   1.9802262e-01
   8.8300000e+01   8.0102530e-01   1.9897470e-01
   8.8400000e+01   8.0232523e-01   1.9767477e-01
   8.8500000e+01   8.0590493e-01   1.9409507e-01
   8.8600000e+01   8.1361462e-01   1.8638538e-01
   8.8700000e+01   8.2408287e-01   1.7591713e-01
   8.8800000e+01   8.3203399e-01   1.6796601e-01
   8.8900000e+01   8.3585159e-01   1.6414841e-01
   8.9000000e+01   8.3694199e-01   1.6305801e-01
   8.9100000e+01   8.3038975e-01   1.6961025e-01
   8.9200000e+01   8.2092067e-01   1.7907933e-01
   8.9300000e+01   8.1641242e-01   1.8358758e-01
   8.9400000e+01   8.1744533e-01   1.8255467e-01
   8.9500000e+01   8.2110432e-01   1.7889568e-01
   8.9600000e+01   8.2503001e-01   1.7496999e-01
   8.9700000e+01   8.2351532e-01   1.7648468e-01
   8.9800000e+01   8.1463576e-01   1.8536424e-01
   8.9900000e+01   8.0561653e-01   1.9438347e-01
   9.0000000e+01   8.0283665e-01   1.9716335e-01
   9.0100000e+01   8.0639036e-01   1.9360964e-01
   9.0200000e+01   8.0871963e-01   1.9128037e-01
   9.0300000e+01   8.0887299e-01   1.9112701e-01
   9.0400000e+01   8.1092586e-01   1.8907414e-01
   9.0500000e+01   8.1162548e-01   1.8837452e-01
   9.0600000e+01   8.1288816e-01   1.8711184e-01
   9.0700000e+01   8.1887213e-01   1.8112787e-01
   9.0800000e+01   8.2395722e-01   1.7604278e-01
   9.0900000e+01   8.2635541e-01   1.7364459e-01
   9.1000000e+01   8.3031943e-01   1.6968057e-01
   9.1100000e+01   8.3094928e-01   1.6905072e-01
   9.1200000e+01   8.2713981e-01   1.7286019e-01
   9.1300000e+01   8.2318634e-01   1.7681366e-01
   9.1400000e+01   8.1425070e-01   1.8574930e-01
   9.1500000e+01   8.0120144e-01   1.9879856e-01
   9.1600000e+01   7.9029446e-01   2.0970554e-01
   9.1700000e+01   7.9213075e-01   2.0786925e-01
   9.1800000e+01   8.0407412e-01   1.9592588e-01
   9.1900000e+01   8.1452852e-01   1.8547148e-01
   9.2000000e+01   8.2135654e-01   1.7864346e-01
   9.2100000e+01   8.2112911e-01   1.7887089e-01
   9.2200000e+01   8.1836962e-01   1.8163038e-01
   9.2300000e+01   8.1357953e-01   1.8642047e-01
   9.2400000e+01   8.0890998e-01   1.9109002e-01
   9.2500000e+01   7.9891801e-01   2.0108199e-01
   9.2600000e+01   7.8722509e-01   2.1277491e-01
   9.2700000e+01   7.8547540e-01   2.1452460e-01
   9.2800000e+01   7.9528405e-01   2.0471595e-01
   9.2900000e+01   8.0726819e-01   1.9273181e-01
   9.3000000e+01   8.1138299e-01   1.8861701e-01
   9.3100000e+01   8.0587374e-01   1.9412626e-01
   9.3200000e+01   7.9572963e-01   2.0427037e-01
   9.3300000e+01   7.9352856e-01   2.0647144e-01
   9.3400000e+01   8.0179447e-01   1.9820553e-01
   9.3500000e+01   8.1010473e-01   1.8989527e-01
   9.3600000e+01   8.1229025e-01   1.8770975e-01
   9.3700000e+01   8.1172286e-01   1.8827714e-01
   9.3800000e+01   8.1540277e-01   1.8459723e-01
   9.3900000e+01   8.2710332e-01   1.7289668e-01
   9.4000000e+01   8.3671787e-01   1.6328213e-01
   9.4100000e+01   8.3033280e-01   1.6966720e-01
   9.4200000e+01   8.1456431e-01   1.8543569e-01
   9.4300000e+01   8.0185625e-01   1.9814375e-01
   9.4400000e+01   8.0138959e-01   1.9861041e-01
   9.4500000e+01   8.0715641e-01   1.9284359e-01
   9.4600000e+01   8.1465096e-01   1.8534904e-01
   9.4700000e+01   8.1848555e-01   1.8151445e-01
   9.4800000e+01   8.1785733e-01   1.8214267e-01
   9.4900000e+01   8.1637082e-01   1.8362918e-01
   9.5000000e+01   8.0698875e-01   1.9301125e-01
   9.5100000e+01   7.9398103e-01   2.0601897e-01
   9.5200000e+01   7.8610780e-01   2.1389220e-01
   9.5300000e+01   7.8948258e-01   2.1051742e-01
   9.5400000e+01   7.9874720e-01   2.0125280e-01
   9.5500000e+01   8.1191509e-01   1.8808491e-01
   9.5600000e+01   8.1980142e-01   1.8019858e-01
   9.5700000e+01   8.1789662e-01   1.8210338e-01
   9.5800000e+01   8.1505609e-01   1.8494391e-01
   9.5900000e+01   8.1306308e-01   1.8693692e-01
   9.6000000e+01   8.0852444e-01   1.9147556e-01
   9.6100000e+01   8.0756883e-01   1.9243117e-01
   9.6200000e+01   8.1117599e-01   1.8882401e-01
   9.6300000e+01   8.1834587e-01   1.8165413e-01
   9.6400000e+01   8.2956600e-01   1.7043400e-01
   9.6500000e+01   8.4191120e-01   1.5808880e-01
   9.6600000e+01   8.4505799e-01   1.5494201e-01
   9.6700000e+01   8.4111806e-01   1.5888194e-01
   9.6800000e+01   8.3921666e-01   1.6078334e-01
   9.6900000e+01   8.3681415e-01   1.6318585e-01
   9.7000000e+01   8.2977221e-01   1.7022779e-01
   9.7100000e+01   8.2185219e-01   1.7814781e-01
   9.7200000e+01   8.1430902e-01   1.8569098e-01
   9.7300000e+01   8.1230834e-01   1.8769166e-01
   9.7400000e+01   8.1760540e-01   1.8239460e-01
   9.7500000e+01   8.3140334e-01   1.6859666e-01
   9.7600000e+01   8.4166669e-01   1.5833331e-01
   9.7700000e+01   8.4321618e-01   1.5678382e-01
   9.7800000e+01   8.3979216e-01   1.6020784e-01
   9.7900000e+01   8.3358043e-01   1.6641957e-01
   9.8000000e+01   8.2676412e-01   1.7323588e-01
   9.8100000e+01   8.2169660e-01   1.7830340e-01
   9.8200000e+01   8.1967650e-01   1.8032350e-01
   9.8300000e+01   8.2203021e-01   1.7796979e-01
   9.8400000e+01   8.2874398e-01   1.7125602e-01
   9.8500000e+01   8.3592582e-01   1.6407418e-01
   9.8600000e+01   8.3760743e-01   1.6239257e-01
   9.8700000e+01   8.2882587e-01   1.7117413e-01
   9.8800000e+01   8.1388522e-01   1.8611478e-01
   9.8900000e+01   7.9410521e-01   2.0589479e-01
   9.9000000e+01   7.8813090e-01   2.1186910e-01
   9.9100000e+01   7.9418650e-01   2.0581350e-01
   9.9200000e+01   8.1161196e-01   1.8838804e-01
   9.9300000e+01   8.2116786e-01   1.7883214e-01
   9.9400000e+01   8.1918214e-01   1.8081786e-01
   9.9500000e+01   8.2176080e-01   1.7823920e-01
   9.9600000e+01   8.3102047e-01   1.6897953e-01
   9.9700000e+01   8.4602429e-01   1.5397571e-01
   9.9800000e+01   8.5322727e-01   1.4677273e-01
   9.9900000e+01   8.5041911e-01   1.4958089e-01
   1.0000000e+02   8.4078248e-01   1.5921752e-01
   1.0010000e+02   8.3001392e-01   1.6998608e-01
   1.0020000e+02   8.2139773e-01   1.7860227e-01
   1.0030000e+02   8.1926308e-01   1.8073692e-01
   1.0040000e+02   8.2641251e-01   1.7358749e-01
   1.0050000e+02   8.4020633e-01   1.5979367e-01
   1.0060000e+02   8.5469689e-01   1.4530311e-01
   1.0070000e+02   8.6371124e-01   1.3628876e-01
   1.0080000e+02   8.5772088e-01   1.4227912e-01
   1.0090000e+02   8.4303459e-01   1.5696541e-01
   1.0100000e+02   8.3151469e-01   1.6848531e-01
   1.0110000e+02   8.3222797e-01   1.6777203e-01
   1.0120000e+02   8.4157378e-01   1.5842622e-01
   1.0130000e+02   8.5243948e-01   1.4756052e-01
   1.0140000e+02   8.5335745e-01   1.4664255e-01
   1.0150000e+02   8.4614502e-01   1.5385498e-01
   1.0160000e+02   8.4071101e-01   1.5928899e-01
   1.0170000e+02   8.3842395e-01   1.6157605e-01
   1.0180000e+02   8.4375531e-01   1.5624469e-01
   1.0190000e+02   8.5057005e-01   1.4942995e-01
   1.0200000e+02   8.4643381e-01   1.5356619e-01
   1.0210000e+02   8.3357642e-01   1.6642358e-01
   1.0220000e+02   8.2552783e-01   1.7447217e-01
   1.0230000e+02   8.2830849e-01   1.7169151e-01
   1.0240000e+02   8.3838748e-01   1.6161252e-01
   1.0250000e+02   8.4993338e-01   1.5006662e-01
   1.0260000e+02   8.4838072e-01   1.5161928e-01
   1.0270000e+02   8.3520614e-01   1.6479386e-01
   1.0280000e+02   8.2657733e-01   1.7342267e-01
   1.0290000e+02   8.3073597e-01   1.6926403e-01
   1.0300000e+02   8.4200808e-01   1.5799192e-01
   1.0310000e+02   8.5872589e-01   1.4127411e-01
   1.0320000e+02   8.7307489e-01   1.2692511e-01
   1.0330000e+02   8.7324791e-01   1.2675209e-01
   1.0340000e+02   8.7073179e-01   1.2926821e-01
   1.0350000e+02   8.6501204e-01   1.3498796e-01
   1.0360000e+02   8.5433201e-01   1.4566799e-01
   1.0370000e+02   8.5024234e-01   1.4975766e-01
   1.0380000e+02   8.5092973e-01   1.4907027e-01
   1.0390000e+02   8.4744144e-01   1.5255856e-01
   1.0400000e+02   8.4333142e-01   1.5666858e-01
   1.0410000e+02   8.4269450e-01   1.5730550e-01
   1.0420000e+02   8.4350411e-01   1.5649589e-01
   1.0430000e+02   8.4782970e-01   1.5217030e-01
   1.0440000e+02   8.5436298e-01   1.4563702e-01
   1.0450000e+02   8.5720536e-01   1.4279464e-01
   1.0460000e+02   8.5399574e-01   1.4600426e-01
   1.0470000e+02   8.4928910e-01   1.5071090e-01
   1.0480000e+02   8.4334067e-01   1.5665933e-01
   1.0490000e+02   8.3966410e-01   1.6033590e-01
   1.0500000e+02   8.3898845e-01   1.6101155e-01
   1.0510000e+02   8.4777668e-01   1.5222332e-01
   1.0520000e+02   8.6572815e-01   1.3427185e-01
   1.0530000e+02   8.7645991e-01   1.2354009e-01
   1.0540000e+02   8.7321042e-01   1.2678958e-01
   1.0550000e+02   8.5279700e-01   1.4720300e-01
   1.0560000e+02   8.2391124e-01   1.7608876e-01
   1.0570000e+02   8.0289292e-01   1.9710708e-01
   1.0580000e+02   7.9599415e-01   2.0400585e-01
   1.0590000e+02   8.0231519e-01   1.9768481e-01
   1.0600000e+02   8.1363253e-01   1.8636747e-01
   1.0610000e+02   8.2189690e-01   1.7810310e-01
   1.0620000e+02   8.2801477e-01   1.7198523e-01
   1.0630000e+02   8.3673080e-01   1.6326920e-01
   1.0640000e+02   8.4584972e-01   1.5415028e-01
   1.0650000e+02   8.5073063e-01   1.4926937e-01
   1.0660000e+02   8.5257531e-01   1.4742469e-01
   1.0670000e+02   8.5191199e-01   1.4808801e-01
   1.0680000e+02   8.4594890e-01   1.5405110e-01
   1.0690000e+02   8.3260172e-01   1.6739828e-01
   1.0700000e+02   8.1688926e-01   1.8311074e-01
   1.0710000e+02   8.0827606e-01   1.9172394e-01
   1.0720000e+02   8.0534843e-01   1.9465157e-01
   1.0730000e+02   8.1085014e-01   1.8914986e-01
   1.0740000e+02   8.2187179e-01   1.7812821e-01
   1.0750000e+02   8.3053314e-01   1.6946686e-01
   1.0760000e+02   8.3254864e-01   1.6745136e-01
   1.0770000e+02   8.3054385e-01   1.6945615e-01
   1.0780000e+02   8.2625463e-01   1.7374537e-01
   1.0790000e+02   8.2054285e-01   1.7945715e-01
   1.0800000e+02   8.1660979e-01   1.8339021e-01
   1.0810000e+02   8.1999718e-01   1.8000282e-01
   1.0820000e+02   8.2229555e-01   1.7770445e-01
   1.0830000e+02   8.1981871e-01   1.8018129e-01
   1.0840000e+02   8.2016164e-01   1.7983836e-01
   1.0850000e+02   8.1931139e-01   1.8068861e-01
   1.0860000e+02   8.0917785e-01   1.9082215e-01
   1.0870000e+02   7.9323424e-01   2.0676576e-01
   1.0880000e+02   7.6881656e-01   2.3118344e-01
   1.0890000e+02   7.3084339e-01   2.6915661e-01
   1.0900000e+02   7.0379212e-01   2.9620788e-01
   1.0910000e+02   7.0076439e-01   2.9923561e-01
   1.0920000e+02   7.2274078e-01   2.7725922e-01
   1.0930000e+02   7.5432416e-01   2.4567584e-01
   1.0940000e+02   7.8681381e-01   2.1318619e-01
   1.0950000e+02   8.0243494e-01   1.9756506e-01
   1.0960000e+02   8.0771595e-01   1.9228405e-01
   1.0970000e+02   8.0818745e-01   1.9181255e-01
   1.0980000e+02   8.0384286e-01   1.9615714e-01
   1.0990000e+02   7.9527114e-01   2.0472886e-01
   1.1000000e+02   7.8668647e-01   2.1331353e-01
   1.1010000e+02   7.8025554e-01   2.1974446e-01
   1.1020000e+02   7.7589944e-01   2.2410056e-01
   1.1030000e+02   7.7719088e-01   2.2280912e-01
   1.1040000e+02   7.8441111e-01   2.1558889e-01
   1.1050000e+02   7.9255659e-01   2.0744341e-01
   1.1060000e+02   7.9634314e-01   2.0365686e-01
   1.1070000e+02   7.9792729e-01   2.0207271e-01
   1.1080000e+02   8.0012607e-01   1.9987393e-01
   1.1090000e+02   8.0546964e-01   1.9453036e-01
   1.1100000e+02   8.1161428e-01   1.8838572e-01
   1.1110000e+02   8.1591277e-01   1.8408723e-01
   1.1120000e+02   8.1102992e-01   1.8897008e-01
   1.1130000e+02   8.0177211e-01   1.9822789e-01
   1.1140000e+02   7.9812791e-01   2.0187209e-01
   1.1150000e+02   8.0454417e-01   1.9545583e-01
   1.1160000e+02   8.1715199e-01   1.8284801e-01
   1.1170000e+02   8.2863185e-01   1.7136815e-01
   1.1180000e+02   8.3091850e-01   1.6908150e-01
   1.1190000e+02   8.2459889e-01   1.7540111e-01
   1.1200000e+02   8.1364821e-01   1.8635179e-01
   1.1210000e+02   8.0902232e-01   1.9097768e-01
   1.1220000e+02   8.1577802e-01   1.8422198e-01
   1.1230000e+02   8.2794165e-01   1.7205835e-01
   1.1240000e+02   8.3546527e-01   1.6453473e-01
   1.1250000e+02   8.3510797e-01   1.6489203e-01
   1.1260000e+02   8.2664516e-01   1.7335484e-01
   1.1270000e+02   8.1249031e-01   1.8750969e-01
   1.1280000e+02   8.0274163e-01   1.9725837e-01
   1.1290000e+02   8.0227422e-01   1.9772578e-01
   1.1300000e+02   8.0919385e-01   1.9080615e-01
   1.1310000e+02   8.1892364e-01   1.8107636e-01
   1.1320000e+02   8.2922038e-01   1.7077962e-01
   1.1330000e+02   8.3531975e-01   1.6468025e-01
   1.1340000e+02   8.3431696e-01   1.6568304e-01
   1.1350000e+02   8.2867326e-01   1.7132674e-01
   1.1360000e+02   8.2497959e-01   1.7502041e-01
   1.1370000e+02   8.2050887e-01   1.7949113e-01
   1.1380000e+02   8.1421440e-01   1.8578560e-01
   1.1390000e+02   8.1436152e-01   1.8563848e-01
   1.1400000e+02   8.1506966e-01   1.8493034e-01
   1.1410000e+02   8.1113740e-01   1.8886260e-01
   1.1420000e+02   8.1092534e-01   1.8907466e-01
   1.1430000e+02   8.1163566e-01   1.8836434e-01
   1.1440000e+02   8.1187094e-01   1.8812906e-01
   1.1450000e+02   8.2197245e-01   1.7802755e-01
   1.1460000e+02   8.3267534e-01   1.6732466e-01
   1.1470000e+02   8.3097474e-01   1.6902526e-01
   1.1480000e+02   8.1687560e-01   1.8312440e-01
   1.1490000e+02   7.9797718e-01   2.0202282e-01
   1.1500000e+02   7.8216297e-01   2.1783703e-01
   1.1510000e+02   7.8050069e-01   2.1949931e-01
   1.1520000e+02   7.9343049e-01   2.0656951e-01
   1.1530000e+02   8.1539785e-01   1.8460215e-01
   1.1540000e+02   8.3597430e-01   1.6402570e-01
   1.1550000e+02   8.5122481e-01   1.4877519e-01
   1.1560000e+02   8.5290541e-01   1.4709459e-01
   1.1570000e+02   8.4016524e-01   1.5983476e-01
   1.1580000e+02   8.3418694e-01   1.6581306e-01
   1.1590000e+02   8.2986935e-01   1.7013065e-01
   1.1600000e+02   8.3017793e-01   1.6982207e-01
   1.1610000e+02   8.3095762e-01   1.6904238e-01
   1.1620000e+02   8.2727759e-01   1.7272241e-01
   1.1630000e+02   8.1940166e-01   1.8059834e-01
   1.1640000e+02   8.1650976e-01   1.8349024e-01
   1.1650000e+02   8.1780318e-01   1.8219682e-01
   1.1660000e+02   8.1472246e-01   1.8527754e-01
   1.1670000e+02   8.0628999e-01   1.9371001e-01
   1.1680000e+02   7.9693355e-01   2.0306645e-01
   1.1690000e+02   7.9234222e-01   2.0765778e-01
   1.1700000e+02   7.9665556e-01   2.0334444e-01
   1.1710000e+02   8.0482225e-01   1.9517775e-01
   1.1720000e+02   8.0823157e-01   1.9176843e-01
   1.1730000e+02   8.0785230e-01   1.9214770e-01
   1.1740000e+02   8.0694391e-01   1.9305609e-01
   1.1750000e+02   8.0273499e-01   1.9726501e-01
   1.1760000e+02   7.9900981e-01   2.0099019e-01
   1.1770000e+02   7.9913227e-01   2.0086773e-01
   1.1780000e+02   7.9901712e-01   2.0098288e-01
   1.1790000e+02   8.0268774e-01   1.9731226e-01
   1.1800000e+02   8.1386456e-01   1.8613544e-01
   1.1810000e+02   8.2132080e-01   1.7867920e-01
   1.1820000e+02   8.2155030e-01   1.7844970e-01
   1.1830000e+02   8.2067677e-01   1.7932323e-01
   1.1840000e+02   8.1901159e-01   1.8098841e-01
   1.1850000e+02   8.1493811e-01   1.8506189e-01
   1.1860000e+02   8.1347984e-01   1.8652016e-01
   1.1870000e+02   8.1546607e-01   1.8453393e-01
   1.1880000e+02   8.1433327e-01   1.8566673e-01
   1.1890000e+02   8.0989523e-01   1.9010477e-01
   1.1900000e+02   8.0294898e-01   1.9705102e-01
   1.1910000e+02   7.9619666e-01   2.0380334e-01
   1.1920000e+02   7.9331642e-01   2.0668358e-01
   1.1930000e+02   7.9654687e-01   2.0345313e-01
   1.1940000e+02   8.0407855e-01   1.9592145e-01
   1.1950000e+02   8.1302127e-01   1.8697873e-01
   1.1960000e+02   8.1966411e-01   1.8033589e-01
   1.1970000e+02   8.1914391e-01   1.8085609e-01
   1.1980000e+02   8.1652493e-01   1.8347507e-01
   1.1990000e+02   8.1548436e-01   1.8451564e-01
   1.2000000e+02   8.1943248e-01   1.8056752e-01
   1.2010000e+02   8.2979151e-01   1.7020849e-01
   1.2020000e+02   8.4190922e-01   1.5809078e-01
   1.2030000e+02   8.4633838e-01   1.5366162e-01
   1.2040000e+02   8.4111222e-01   1.5888778e-01
   1.2050000e+02   8.3402264e-01   1.6597736e-01
   1.2060000e+02   8.3226735e-01   1.6773265e-01
   1.2070000e+02   8.3848559e-01   1.6151441e-01
   1.2080000e+02   8.4567970e-01   1.5432030e-01
   1.2090000e+02   8.4857902e-01   1.5142098e-01
   1.2100000e+02   8.4294933e-01   1.5705067e-01
   1.2110000e+02   8.3305426e-01   1.6694574e-01
   1.2120000e+02   8.2680620e-01   1.7319380e-01
   1.2130000e+02   8.3119470e-01   1.6880530e-01
   1.2140000e+02   8.4163542e-01   1.5836458e-01
   1.2150000e+02   8.4950733e-01   1.5049267e-01
   1.2160000e+02   8.5238157e-01   1.4761843e-01
   1.2170000e+02   8.4441346e-01   1.5558654e-01
   1.2180000e+02   8.2779130e-01   1.7220870e-01
   1.2190000e+02   8.1071387e-01   1.8928613e-01
   1.2200000e+02   8.0237414e-01   1.9762586e-01
   1.2210000e+02   8.0486793e-01   1.9513207e-01
   1.2220000e+02   8.0884527e-01   1.9115473e-01
   1.2230000e+02   8.1444504e-01   1.8555496e-01
   1.2240000e+02   8.1920260e-01   1.8079740e-01
   1.2250000e+02   8.1789397e-01   1.8210603e-01
   1.2260000e+02   8.1951616e-01   1.8048384e-01
   1.2270000e+02   8.2190950e-01   1.7809050e-01
   1.2280000e+02   8.2758050e-01   1.7241950e-01
   1.2290000e+02   8.3968926e-01   1.6031074e-01
   1.2300000e+02   8.5445525e-01   1.4554475e-01
   1.2310000e+02   8.6537321e-01   1.3462679e-01
   1.2320000e+02   8.6673694e-01   1.3326306e-01
   1.2330000e+02   8.5638177e-01   1.4361823e-01
   1.2340000e+02   8.3758032e-01   1.6241968e-01
   1.2350000e+02   8.2352554e-01   1.7647446e-01
   1.2360000e+02   8.2251111e-01   1.7748889e-01
   1.2370000e+02   8.3205406e-01   1.6794594e-01
   1.2380000e+02   8.4490811e-01   1.5509189e-01
   1.2390000e+02   8.5411985e-01   1.4588015e-01
   1.2400000e+02   8.5590800e-01   1.4409200e-01
   1.2410000e+02   8.5418073e-01   1.4581927e-01
   1.2420000e+02   8.5081073e-01   1.4918927e-01
   1.2430000e+02   8.4690738e-01   1.5309262e-01
   1.2440000e+02   8.4145656e-01   1.5854344e-01
   1.2450000e+02   8.3557115e-01   1.6442885e-01
   1.2460000e+02   8.3311601e-01   1.6688399e-01
   1.2470000e+02   8.3140650e-01   1.6859350e-01
   1.2480000e+02   8.2829846e-01   1.7170154e-01
   1.2490000e+02   8.2968493e-01   1.7031507e-01
   1.2500000e+02   8.3424488e-01   1.6575512e-01
   1.2510000e+02   8.4200824e-01   1.5799176e-01
   1.2520000e+02   8.5312487e-01   1.4687513e-01
   1.2530000e+02   8.5413807e-01   1.4586193e-01
   1.2540000e+02   8.4122250e-01   1.5877750e-01
   1.2550000e+02   8.2871708e-01   1.7128292e-01
   1.2560000e+02   8.2137949e-01   1.7862051e-01
   1.2570000e+02   8.2493200e-01   1.7506800e-01
   1.2580000e+02   8.4141606e-01   1.5858394e-01
   1.2590000e+02   8.5278193e-01   1.4721807e-01
   1.2600000e+02   8.5289116e-01   1.4710884e-01
   1.2610000e+02   8.4821430e-01   1.5178570e-01
   1.2620000e+02   8.3718594e-01   1.6281406e-01
   1.2630000e+02   8.2394123e-01   1.7605877e-01
   1.2640000e+02   8.1756164e-01   1.8243836e-01
   1.2650000e+02   8.1963047e-01   1.8036953e-01
   1.2660000e+02   8.2394619e-01   1.7605381e-01
   1.2670000e+02   8.2616658e-01   1.7383342e-01
   1.2680000e+02   8.2672355e-01   1.7327645e-01
   1.2690000e+02   8.2163010e-01   1.7836990e-01
   1.2700000e+02   8.1873919e-01   1.8126081e-01
   1.2710000e+02   8.2191540e-01   1.7808460e-01
   1.2720000e+02   8.2648644e-01   1.7351356e-01
   1.2730000e+02   8.3215702e-01   1.6784298e-01
   1.2740000e+02   8.3642010e-01   1.6357990e-01
   1.2750000e+02   8.3213635e-01   1.6786365e-01
   1.2760000e+02   8.2242412e-01   1.7757588e-01
   1.2770000e+02   8.0809929e-01   1.9190071e-01
   1.2780000e+02   7.9581563e-01   2.0418437e-01
   1.2790000e+02   8.0367269e-01   1.9632731e-01
   1.2800000e+02   8.2806331e-01   1.7193669e-01
   1.2810000e+02   8.4595327e-01   1.5404673e-01
   1.2820000e+02   8.4612148e-01   1.5387852e-01
   1.2830000e+02   8.2973418e-01   1.7026582e-01
   1.2840000e+02   8.1014417e-01   1.8985583e-01
   1.2850000e+02   8.0808054e-01   1.9191946e-01
   1.2860000e+02   8.1062848e-01   1.8937152e-01
   1.2870000e+02   8.1572430e-01   1.8427570e-01
   1.2880000e+02   8.2252427e-01   1.7747573e-01
   1.2890000e+02   8.2577227e-01   1.7422773e-01
   1.2900000e+02   8.3195284e-01   1.6804716e-01
   1.2910000e+02   8.3979907e-01   1.6020093e-01
   1.2920000e+02   8.4432930e-01   1.5567070e-01
   1.2930000e+02   8.4189387e-01   1.5810613e-01
   1.2940000e+02   8.3688187e-01   1.6311813e-01
   1.2950000e+02   8.3526129e-01   1.6473871e-01
   1.2960000e+02   8.3704377e-01   1.6295623e-01
   1.2970000e+02   8.3738659e-01   1.6261341e-01
   1.2980000e+02   8.3777167e-01   1.6222833e-01
   1.2990000e+02   8.4238710e-01   1.5761290e-01
   1.3000000e+02   8.4234602e-01   1.5765398e-01
   1.3010000e+02   8.3533209e-01   1.6466791e-01
   1.3020000e+02   8.2651805e-01   1.7348195e-01
   1.3030000e+02   8.1720756e-01   1.8279244e-01
   1.3040000e+02   8.1669729e-01   1.8330271e-01
   1.3050000e+02   8.2798516e-01   1.7201484e-01
   1.3060000e+02   8.4173152e-01   1.5826848e-01
   1.3070000e+02   8.4778278e-01   1.5221722e-01
   1.3080000e+02   8.4441580e-01   1.5558420e-01
   1.3090000e+02   8.3776827e-01   1.6223173e-01
   1.3100000e+02   8.3365999e-01   1.6634001e-01
   1.3110000e+02   8.3365254e-01   1.6634746e-01
   1.3120000e+02   8.3311664e-01   1.6688336e-01
   1.3130000e+02   8.2546736e-01   1.7453264e-01
   1.3140000e+02   8.1533019e-01   1.8466981e-01
   1.3150000e+02   8.1001777e-01   1.8998223e-01
   1.3160000e+02   8.1614195e-01   1.8385805e-01
   1.3170000e+02   8.2707841e-01   1.7292159e-01
   1.3180000e+02   8.3445172e-01   1.6554828e-01
   1.3190000e+02   8.3685817e-01   1.6314183e-01
   1.3200000e+02   8.3558584e-01   1.6441416e-01
   1.3210000e+02   8.4061128e-01   1.5938872e-01
   1.3220000e+02   8.5039163e-01   1.4960837e-01
   1.3230000e+02   8.5678439e-01   1.4321561e-01
   1.3240000e+02   8.5535794e-01   1.4464206e-01
   1.3250000e+02   8.4858805e-01   1.5141195e-01
   1.3260000e+02   8.3542244e-01   1.6457756e-01
   1.3270000e+02   8.2767023e-01   1.7232977e-01
   1.3280000e+02   8.3130486e-01   1.6869514e-01
   1.3290000e+02   8.3892287e-01   1.6107713e-01
   1.3300000e+02   8.4064470e-01   1.5935530e-01
   1.3310000e+02   8.3799549e-01   1.6200451e-01
   1.3320000e+02   8.3145916e-01   1.6854084e-01
   1.3330000e+02   8.2821251e-01   1.7178749e-01
   1.3340000e+02   8.3517138e-01   1.6482862e-01
   1.3350000e+02   8.4219515e-01   1.5780485e-01
   1.3360000e+02   8.4512679e-01   1.5487321e-01
   1.3370000e+02   8.4411715e-01   1.5588285e-01
   1.3380000e+02   8.3956015e-01   1.6043985e-01
   1.3390000e+02   8.3522693e-01   1.6477307e-01
   1.3400000e+02   8.3236361e-01   1.6763639e-01
   1.3410000e+02   8.2619790e-01   1.7380210e-01
   1.3420000e+02   8.1946893e-01   1.8053107e-01
   1.3430000e+02   8.1908493e-01   1.8091507e-01
   1.3440000e+02   8.2221276e-01   1.7778724e-01
   1.3450000e+02   8.2360067e-01   1.7639933e-01
   1.3460000e+02   8.1851141e-01   1.8148859e-01
   1.3470000e+02   8.1140535e-01   1.8859465e-01
   1.3480000e+02   8.0214508e-01   1.9785492e-01
   1.3490000e+02   7.9888927e-01   2.0111073e-01
   1.3500000e+02   8.1432115e-01   1.8567885e-01
   1.3510000e+02   8.3514756e-01   1.6485244e-01
   1.3520000e+02   8.4999664e-01   1.5000336e-01
   1.3530000e+02   8.5715237e-01   1.4284763e-01
   1.3540000e+02   8.5998194e-01   1.4001806e-01
   1.3550000e+02   8.5847682e-01   1.4152318e-01
   1.3560000e+02   8.6341878e-01   1.3658122e-01
   1.3570000e+02   8.7000379e-01   1.2999621e-01
   1.3580000e+02   8.6599773e-01   1.3400227e-01
   1.3590000e+02   8.5199017e-01   1.4800983e-01
   1.3600000e+02   8.4244398e-01   1.5755602e-01
   1.3610000e+02   8.3698958e-01   1.6301042e-01
   1.3620000e+02   8.4004955e-01   1.5995045e-01
   1.3630000e+02   8.5230743e-01   1.4769257e-01
   1.3640000e+02   8.6304675e-01   1.3695325e-01
   1.3650000e+02   8.6564674e-01   1.3435326e-01
   1.3660000e+02   8.6537193e-01   1.3462807e-01
   1.3670000e+02   8.6144997e-01   1.3855003e-01
   1.3680000e+02   8.5983946e-01   1.4016054e-01
   1.3690000e+02   8.6337702e-01   1.3662298e-01
   1.3700000e+02   8.6495931e-01   1.3504069e-01
   1.3710000e+02   8.6265267e-01   1.3734733e-01
   1.3720000e+02   8.6088446e-01   1.3911554e-01
   1.3730000e+02   8.5758094e-01   1.4241906e-01
   1.3740000e+02   8.5012472e-01   1.4987528e-01
   1.3750000e+02   8.3938741e-01   1.6061259e-01
   1.3760000e+02   8.2861739e-01   1.7138261e-01
   1.3770000e+02   8.2514325e-01   1.7485675e-01
   1.3780000e+02   8.3236858e-01   1.6763142e-01
   1.3790000e+02   8.4276076e-01   1.5723924e-01
   1.3800000e+02   8.5016740e-01   1.4983260e-01
   1.3810000e+02   8.5464174e-01   1.4535826e-01
   1.3820000e+02   8.6060244e-01   1.3939756e-01
   1.3830000e+02   8.6894238e-01   1.3105762e-01
   1.3840000e+02   8.7053373e-01   1.2946627e-01
   1.3850000e+02   8.6080106e-01   1.3919894e-01
   1.3860000e+02   8.4430537e-01   1.5569463e-01
   1.3870000e+02   8.2996344e-01   1.7003656e-01
   1.3880000e+02   8.2347439e-01   1.7652561e-01
   1.3890000e+02   8.2504035e-01   1.7495965e-01
   1.3900000e+02   8.2387173e-01   1.7612827e-01
   1.3910000e+02   8.1997214e-01   1.8002786e-01
   1.3920000e+02   8.2213195e-01   1.7786805e-01
   1.3930000e+02   8.2923380e-01   1.7076620e-01
   1.3940000e+02   8.3832585e-01   1.6167415e-01
   1.3950000e+02   8.4638602e-01   1.5361398e-01
   1.3960000e+02   8.4865999e-01   1.5134001e-01
   1.3970000e+02   8.5056038e-01   1.4943962e-01
   1.3980000e+02   8.5364387e-01   1.4635613e-01
   1.3990000e+02   8.5274414e-01   1.4725586e-01
   1.4000000e+02   8.5174020e-01   1.4825980e-01
   1.4010000e+02   8.5097208e-01   1.4902792e-01
   1.4020000e+02   8.4666006e-01   1.5333994e-01
   1.4030000e+02   8.4503897e-01   1.5496103e-01
   1.4040000e+02   8.4874285e-01   1.5125715e-01
   1.4050000e+02   8.5063748e-01   1.4936252e-01
   1.4060000e+02   8.5262166e-01   1.4737834e-01
   1.4070000e+02   8.5677427e-01   1.4322573e-01
   1.4080000e+02   8.5878440e-01   1.4121560e-01
   1.4090000e+02   8.6239740e-01   1.3760260e-01
   1.4100000e+02   8.6864257e-01   1.3135743e-01
   1.4110000e+02   8.6830830e-01   1.3169170e-01
   1.4120000e+02   8.6375519e-01   1.3624481e-01
   1.4130000e+02   8.5886889e-01   1.4113111e-01
   1.4140000e+02   8.5838399e-01   1.4161601e-01
   1.4150000e+02   8.6245054e-01   1.3754946e-01
   1.4160000e+02   8.6834345e-01   1.3165655e-01
   1.4170000e+02   8.6398258e-01   1.3601742e-01
   1.4180000e+02   8.5257706e-01   1.4742294e-01
   1.4190000e+02   8.4009877e-01   1.5990123e-01
   1.4200000e+02   8.3154594e-01   1.6845406e-01
   1.4210000e+02   8.3453278e-01   1.6546722e-01
   1.4220000e+02   8.4676897e-01   1.5323103e-01
   1.4230000e+02   8.5771154e-01   1.4228846e-01
   1.4240000e+02   8.6291027e-01   1.3708973e-01
   1.4250000e+02   8.6213457e-01   1.3786543e-01
   1.4260000e+02   8.5453909e-01   1.4546091e-01
   1.4270000e+02   8.4793378e-01   1.5206622e-01
   1.4280000e+02   8.5107820e-01   1.4892180e-01
   1.4290000e+02   8.6296731e-01   1.3703269e-01
   1.4300000e+02   8.7479432e-01   1.2520568e-01
   1.4310000e+02   8.8032347e-01   1.1967653e-01
   1.4320000e+02   8.7911298e-01   1.2088702e-01
   1.4330000e+02   8.7222512e-01   1.2777488e-01
   1.4340000e+02   8.6405309e-01   1.3594691e-01
   1.4350000e+02   8.5967320e-01   1.4032680e-01
   1.4360000e+02   8.5967312e-01   1.4032688e-01
   1.4370000e+02   8.6043305e-01   1.3956695e-01
   1.4380000e+02   8.5963467e-01   1.4036533e-01
   1.4390000e+02   8.5510176e-01   1.4489824e-01
   1.4400000e+02   8.5105805e-01   1.4894195e-01
   1.4410000e+02   8.4401696e-01   1.5598304e-01
   1.4420000e+02   8.3856248e-01   1.6143752e-01
   1.4430000e+02   8.3968839e-01   1.6031161e-01
   1.4440000e+02   8.3910320e-01   1.6089680e-01
   1.4450000e+02   8.3413171e-01   1.6586829e-01
   1.4460000e+02   8.3374052e-01   1.6625948e-01
   1.4470000e+02   8.3777391e-01   1.6222609e-01
   1.4480000e+02   8.3964199e-01   1.6035801e-01
   1.4490000e+02   8.4155204e-01   1.5844796e-01
   1.4500000e+02   8.4462579e-01   1.5537421e-01
   1.4510000e+02   8.4375005e-01   1.5624995e-01
   1.4520000e+02   8.4329756e-01   1.5670244e-01
   1.4530000e+02   8.4271845e-01   1.5728155e-01
   1.4540000e+02   8.4016946e-01   1.5983054e-01
   1.4550000e+02   8.3805744e-01   1.6194256e-01
   1.4560000e+02   8.4318027e-01   1.5681973e-01
   1.4570000e+02   8.5105919e-01   1.4894081e-01
   1.4580000e+02   8.5248594e-01   1.4751406e-01
   1.4590000e+02   8.4767731e-01   1.5232269e-01
   1.4600000e+02   8.3890168e-01   1.6109832e-01
   1.4610000e+02   8.2982541e-01   1.7017459e-01
   1.4620000e+02   8.2453134e-01   1.7546866e-01
   1.4630000e+02   8.2366290e-01   1.7633710e-01
   1.4640000e+02   8.2421828e-01   1.7578172e-01
   1.4650000e+02   8.3116466e-01   1.6883534e-01
   1.4660000e+02   8.4800510e-01   1.5199490e-01
   1.4670000e+02   8.5541212e-01   1.4458788e-01
   1.4680000e+02   8.5676382e-01   1.4323618e-01
   1.4690000e+02   8.5604734e-01   1.4395266e-01
   1.4700000e+02   8.5519557e-01   1.4480443e-01
   1.4710000e+02   8.5700418e-01   1.4299582e-01
   1.4720000e+02   8.6100663e-01   1.3899337e-01
   1.4730000e+02   8.6089746e-01   1.3910254e-01
   1.4740000e+02   8.6159408e-01   1.3840592e-01
   1.4750000e+02   8.6619650e-01   1.3380350e-01
   1.4760000e+02   8.6446127e-01   1.3553873e-01
   1.4770000e+02   8.5572593e-01   1.4427407e-01
   1.4780000e+02   8.4553602e-01   1.5446398e-01
   1.4790000e+02   8.3689428e-01   1.6310572e-01
   1.4800000e+02   8.3818768e-01   1.6181232e-01
   1.4810000e+02   8.4881697e-01   1.5118303e-01
   1.4820000e+02   8.5998355e-01   1.4001645e-01
   1.4830000e+02   8.6758628e-01   1.3241372e-01
   1.4840000e+02   8.7113220e-01   1.2886780e-01
   1.4850000e+02   8.7123074e-01   1.2876926e-01
   1.4860000e+02   8.6795482e-01   1.3204518e-01
   1.4870000e+02   8.5999316e-01   1.4000684e-01
   1.4880000e+02   8.5014116e-01   1.4985884e-01
   1.4890000e+02   8.4865671e-01   1.5134329e-01
   1.4900000e+02   8.5121305e-01   1.4878695e-01
   1.4910000e+02   8.5306721e-01   1.4693279e-01
   1.4920000e+02   8.5555725e-01   1.4444275e-01
   1.4930000e+02   8.5059704e-01   1.4940296e-01
   1.4940000e+02   8.4214654e-01   1.5785346e-01
   1.4950000e+02   8.3950966e-01   1.6049034e-01
   1.4960000e+02   8.4342833e-01   1.5657167e-01
   1.4970000e+02   8.4397843e-01   1.5602157e-01
   1.4980000e+02   8.4598918e-01   1.5401082e-01
   1.4990000e+02   8.5118160e-01   1.4881840e-01
   1.5000000e+02   8.5807174e-01   1.4192826e-01
   1.5010000e+02   8.6476613e-01   1.3523387e-01
   1.5020000e+02   8.6790551e-01   1.3209449e-01
   1.5030000e+02   8.6660402e-01   1.3339598e-01
   1.5040000e+02   8.6630995e-01   1.3369005e-01
   1.5050000e+02   8.6078168e-01   1.3921832e-01
   1.5060000e+02   8.5284018e-01   1.4715982e-01
   1.5070000e+02   8.5409019e-01   1.4590981e-01
   1.5080000e+02   8.6499695e-01   1.3500305e-01
   1.5090000e+02   8.7598387e-01   1.2401613e-01
   1.5100000e+02   8.8619523e-01   1.1380477e-01
   1.5110000e+02   8.8437225e-01   1.1562775e-01
   1.5120000e+02   8.7479961e-01   1.2520039e-01
   1.5130000e+02   8.7035760e-01   1.2964240e-01
   1.5140000e+02   8.6981320e-01   1.3018680e-01
   1.5150000e+02   8.6420328e-01   1.3579672e-01
   1.5160000e+02   8.5203097e-01   1.4796903e-01
   1.5170000e+02   8.4222191e-01   1.5777809e-01
   1.5180000e+02   8.3796301e-01   1.6203699e-01
   1.5190000e+02   8.4185395e-01   1.5814605e-01
   1.5200000e+02   8.4938856e-01   1.5061144e-01
   1.5210000e+02   8.5458247e-01   1.4541753e-01
   1.5220000e+02   8.5439849e-01   1.4560151e-01
   1.5230000e+02   8.4987749e-01   1.5012251e-01
   1.5240000e+02   8.4423336e-01   1.5576664e-01
   1.5250000e+02   8.4186343e-01   1.5813657e-01
   1.5260000e+02   8.4711928e-01   1.5288072e-01
   1.5270000e+02   8.5731345e-01   1.4268655e-01
   1.5280000e+02   8.6851037e-01   1.3148963e-01
   1.5290000e+02   8.7599207e-01   1.2400793e-01
   1.5300000e+02   8.7511938e-01   1.2488062e-01
   1.5310000e+02   8.6927227e-01   1.3072773e-01
   1.5320000e+02   8.6378457e-01   1.3621543e-01
   1.5330000e+02   8.6042544e-01   1.3957456e-01
   1.5340000e+02   8.5912240e-01   1.4087760e-01
   1.5350000e+02   8.6353759e-01   1.3646241e-01
   1.5360000e+02   8.6376141e-01   1.3623859e-01
   1.5370000e+02   8.5969337e-01   1.4030663e-01
   1.5380000e+02   8.5841516e-01   1.4158484e-01
   1.5390000e+02   8.5946752e-01   1.4053248e-01
   1.5400000e+02   8.6150351e-01   1.3849649e-01
   1.5410000e+02   8.6566942e-01   1.3433058e-01
   1.5420000e+02   8.6791686e-01   1.3208314e-01
   1.5430000e+02   8.6719119e-01   1.3280881e-01
   1.5440000e+02   8.6637355e-01   1.3362645e-01
   1.5450000e+02   8.6453155e-01   1.3546845e-01
   1.5460000e+02   8.6135653e-01   1.3864347e-01
   1.5470000e+02   8.6007353e-01   1.3992647e-01
   1.5480000e+02   8.6079312e-01   1.3920688e-01
   1.5490000e+02   8.6017976e-01   1.3982024e-01
   1.5500000e+02   8.5677508e-01   1.4322492e-01
   1.5510000e+02   8.5321780e-01   1.4678220e-01
   1.5520000e+02   8.5447503e-01   1.4552497e-01
   1.5530000e+02   8.5589981e-01   1.4410019e-01
   1.5540000e+02   8.5645554e-01   1.4354446e-01
   1.5550000e+02   8.5155678e-01   1.4844322e-01
   1.5560000e+02   8.4390323e-01   1.5609677e-01
   1.5570000e+02   8.4503371e-01   1.5496629e-01
   1.5580000e+02   8.5897119e-01   1.4102881e-01
   1.5590000e+02   8.7102310e-01   1.2897690e-01
   1.5600000e+02   8.7516829e-01   1.2483171e-01
   1.5610000e+02   8.6976225e-01   1.3023775e-01
   1.5620000e+02   8.5848592e-01   1.4151408e-01
   1.5630000e+02   8.5341000e-01   1.4659000e-01
   1.5640000e+02   8.5872918e-01   1.4127082e-01
   1.5650000e+02   8.6596322e-01   1.3403678e-01
   1.5660000e+02   8.6904096e-01   1.3095904e-01
   1.5670000e+02   8.6658664e-01   1.3341336e-01
   1.5680000e+02   8.5656759e-01   1.4343241e-01
   1.5690000e+02   8.5027369e-01   1.4972631e-01
   1.5700000e+02   8.4848558e-01   1.5151442e-01
   1.5710000e+02   8.4494731e-01   1.5505269e-01
   1.5720000e+02   8.3983266e-01   1.6016734e-01
   1.5730000e+02   8.3787588e-01   1.6212412e-01
   1.5740000e+02   8.3944991e-01   1.6055009e-01
   1.5750000e+02   8.5240477e-01   1.4759523e-01
   1.5760000e+02   8.7219150e-01   1.2780850e-01
   1.5770000e+02   8.8227121e-01   1.1772879e-01
   1.5780000e+02   8.8072780e-01   1.1927220e-01
   1.5790000e+02   8.7458841e-01   1.2541159e-01
   1.5800000e+02   8.6678660e-01   1.3321340e-01
   1.5810000e+02   8.5994451e-01   1.4005549e-01
   1.5820000e+02   8.5613200e-01   1.4386800e-01
   1.5830000e+02   8.5184288e-01   1.4815712e-01
   1.5840000e+02   8.4972306e-01   1.5027694e-01
   1.5850000e+02   8.5598800e-01   1.4401200e-01
   1.5860000e+02   8.6354516e-01   1.3645484e-01
   1.5870000e+02   8.6726978e-01   1.3273022e-01
   1.5880000e+02   8.6645577e-01   1.3354423e-01
   1.5890000e+02   8.6540312e-01   1.3459688e-01
   1.5900000e+02   8.6349496e-01   1.3650504e-01
   1.5910000e+02   8.6292660e-01   1.3707340e-01
   1.5920000e+02   8.6128195e-01   1.3871805e-01
   1.5930000e+02   8.5400413e-01   1.4599587e-01
   1.5940000e+02   8.4725398e-01   1.5274602e-01
   1.5950000e+02   8.4729116e-01   1.5270884e-01
   1.5960000e+02   8.5027907e-01   1.4972093e-01
   1.5970000e+02   8.5445382e-01   1.4554618e-01
   1.5980000e+02   8.6211494e-01   1.3788506e-01
   1.5990000e+02   8.6441183e-01   1.3558817e-01
   1.6000000e+02   8.6321077e-01   1.3678923e-01
   1.6010000e+02   8.6124275e-01   1.3875725e-01
   1.6020000e+02   8.5826201e-01   1.4173799e-01
   1.6030000e+02   8.5398410e-01   1.4601590e-01
   1.6040000e+02   8.4725399e-01   1.5274601e-01
   1.6050000e+02   8.4357166e-01   1.5642834e-01
   1.6060000e+02   8.4600087e-01   1.5399913e-01
   1.6070000e+02   8.4748584e-01   1.5251416e-01
   1.6080000e+02   8.4947444e-01   1.5052556e-01
   1.6090000e+02   8.5624227e-01   1.4375773e-01
   1.6100000e+02   8.6504586e-01   1.3495414e-01
   1.6110000e+02   8.7241275e-01   1.2758725e-01
   1.6120000e+02   8.7447037e-01   1.2552963e-01
   1.6130000e+02   8.6399595e-01   1.3600405e-01
   1.6140000e+02   8.4857693e-01   1.5142307e-01
   1.6150000e+02   8.3956945e-01   1.6043055e-01
   1.6160000e+02   8.3838330e-01   1.6161670e-01
   1.6170000e+02   8.4312410e-01   1.5687590e-01
   1.6180000e+02   8.4436686e-01   1.5563314e-01
   1.6190000e+02   8.4258863e-01   1.5741137e-01
   1.6200000e+02   8.4479294e-01   1.5520706e-01
   1.6210000e+02   8.5754296e-01   1.4245704e-01
   1.6220000e+02   8.7279765e-01   1.2720235e-01
   1.6230000e+02   8.8480561e-01   1.1519439e-01
   1.6240000e+02   8.8202562e-01   1.1797438e-01
   1.6250000e+02   8.6969840e-01   1.3030160e-01
   1.6260000e+02   8.5496536e-01   1.4503464e-01
   1.6270000e+02   8.4260165e-01   1.5739835e-01
   1.6280000e+02   8.4554138e-01   1.5445862e-01
   1.6290000e+02   8.5643114e-01   1.4356886e-01
   1.6300000e+02   8.6809711e-01   1.3190289e-01
   1.6310000e+02   8.7398296e-01   1.2601704e-01
   1.6320000e+02   8.7020657e-01   1.2979343e-01
   1.6330000e+02   8.6213328e-01   1.3786672e-01
   1.6340000e+02   8.5258437e-01   1.4741563e-01
   1.6350000e+02   8.4797268e-01   1.5202732e-01
   1.6360000e+02   8.4927151e-01   1.5072849e-01
   1.6370000e+02   8.4930501e-01   1.5069499e-01
   1.6380000e+02   8.4025614e-01   1.5974386e-01
   1.6390000e+02   8.3704435e-01   1.6295565e-01
   1.6400000e+02   8.4001380e-01   1.5998620e-01
   1.6410000e+02   8.4191959e-01   1.5808041e-01
   1.6420000e+02   8.4564898e-01   1.5435102e-01
   1.6430000e+02   8.5277430e-01   1.4722570e-01
   1.6440000e+02   8.5611515e-01   1.4388485e-01
   1.6450000e+02   8.5441905e-01   1.4558095e-01
   1.6460000e+02   8.4940471e-01   1.5059529e-01
   1.6470000e+02   8.5127131e-01   1.4872869e-01
   1.6480000e+02   8.5857204e-01   1.4142796e-01
   1.6490000e+02   8.7076941e-01   1.2923059e-01
   1.6500000e+02   8.8845754e-01   1.1154246e-01
